-0.431899 0.00118384 -0.0174221 144 164 123
-0.429515 0.00286379 -0.0151382 136 163 128
-0.431677 -0.00063618 -0.0199083 151 167 120
-0.429287 0.00106268 -0.0175985 93 103 69
-0.427509 0.00280271 -0.0158781 84 93 61
-0.425751 0.0045246 -0.0141759 109 93 77
-0.422317 0.00601831 -0.0108631 118 139 113
-0.419505 0.00755294 -0.00814876 158 161 129
-0.429057 -0.000751409 -0.0200766 106 109 80
-0.427274 0.00100444 -0.0183369 74 96 61
-0.424936 0.00267709 -0.0160588 78 97 59
-0.423765 0.0044612 -0.0149127 76 96 63
-0.420916 0.00602278 -0.0121393 77 96 63
-0.417568 0.00748588 -0.00888214 96 94 70
-0.415365 0.0090662 -0.00673554 112 122 93
-0.413725 0.0107013 -0.00513559 138 155 127
-0.427066 -0.00274651 -0.020852 117 97 101
-0.427037 -0.000806781 -0.0208133 78 97 68
-0.425268 0.00094639 -0.0190729 114 103 59
-0.42409 0.00274606 -0.01791 148 145 65
-0.42292 0.00453326 -0.0167555 183 131 67
-0.419515 0.00602722 -0.0134158 112 95 63
-0.416728 0.00756212 -0.0106795 76 102 68
-0.413988 0.00907094 -0.00799023 78 103 68
-0.411824 0.0106301 -0.00586445 92 101 69
-0.410739 0.012325 -0.004794 115 110 87
-0.410712 0.0141715 -0.00475718 131 153 125
-0.425082 -0.00473459 -0.0216247 127 101 101
-0.425053 -0.00279841 -0.0215862 80 90 57
-0.425024 -0.000861962 -0.0215476 88 104 56
-0.423843 0.000950406 -0.020372 159 155 70
-0.4221 0.00268541 -0.0186432 127 118 63
-0.420939 0.00446986 -0.0174881 163 142 68
-0.418114 0.00603168 -0.0146925 115 108 73
-0.415884 0.00763865 -0.0124833 91 114 73
-0.413685 0.00922371 -0.0103047 88 113 74
-0.410456 0.0106349 -0.00711088 89 113 74
-0.408853 0.0122516 -0.00552006 87 114 76
-0.408825 0.0140951 -0.00548338 93 112 77
-0.408276 0.0158544 -0.00493235 119 115 93
-0.40877 0.0177829 -0.00541 137 161 129
-0.423105 -0.00671563 -0.0223946 132 114 110
-0.422503 -0.00483477 -0.0217862 83 90 56
-0.422474 -0.00290531 -0.0217479 74 100 56
-0.421875 -0.001034 -0.0211417 148 114 57
-0.421277 0.000830938 -0.0205377 132 129 71
-0.420117 0.00262499 -0.019374 111 137 81
-0.418965 0.00440669 -0.0182185 134 121 72
-0.416713 0.00603614 -0.0159694 172 132 80
-0.414493 0.00764325 -0.0137515 131 126 77
-0.412303 0.00922845 -0.0115641 108 132 81
-0.409615 0.0107159 -0.00888129 105 132 82
-0.408013 0.012335 -0.0072788 100 127 81
-0.407464 0.0141003 -0.00672387 96 123 83
-0.406399 0.0157756 -0.00565612 99 121 85
-0.406372 0.0176136 -0.00561965 115 128 94
-0.40895 0.0199068 -0.00817363 143 145 109
-0.410506 0.0220473 -0.00971225 168 178 141
-0.421135 -0.00868969 -0.0231619 138 129 117
-0.419971 -0.00685676 -0.0219849 84 92 55
-0.419942 -0.00493426 -0.0219469 72 97 57
-0.419914 -0.00301146 -0.0219088 139 102 54
-0.419321 -0.00114641 -0.0213046 185 159 70
-0.418729 0.000712315 -0.0207024 167 142 80
-0.417582 0.00250066 -0.0195423 124 122 76
-0.416997 0.00434373 -0.0189465 165 135 75
-0.415312 0.0060406 -0.0172465 150 145 77
-0.413101 0.00764785 -0.0150198 170 131 78
-0.411456 0.00930765 -0.0133607 146 153 88
-0.40877 0.0107971 -0.010658 125 153 88
-0.406649 0.01234 -0.00852154 119 144 91
-0.406102 0.0141054 -0.00796458 115 141 93
-0.405042 0.015781 -0.00689273 110 138 96
-0.404501 0.0175322 -0.00634132 130 149 105
-0.404987 0.0194575 -0.00681994 144 158 121
-0.405992 0.0214836 -0.00781851 158 170 133
-0.407525 0.0236216 -0.00934753 181 178 142
-0.410668 0.0260904 -0.0124901 193 184 146
-0.418608 -0.0106979 -0.0233557 145 147 118
-0.418017 -0.00882026 -0.022749 89 97 59
-0.417428 -0.00694889 -0.0221444 74 94 57
-0.4174 -0.005033 -0.0221066 113 104 56
-0.417371 -0.00311686 -0.0220688 194 127 67
-0.416784 -0.00125803 -0.0214664 206 146 74
-0.416199 0.00059455 -0.0208662 147 124 74
-0.415617 0.00244088 -0.0202682 165 124 74
-0.415036 0.00428102 -0.0196722 169 169 77
-0.413364 0.00597543 -0.0179714 142 170 83
-0.412249 0.00772468 -0.0168351 150 142 80
-0.410071 0.00931239 -0.0146228 177 137 73
-0.407922 0.0108786 -0.012441 164 147 77
-0.406323 0.0125027 -0.010815 139 156 99
-0.405257 0.0141922 -0.00972802 131 155 103
-0.404713 0.0159549 -0.0091691 136 156 109
-0.403657 0.0176246 -0.00809325 155 164 123
-0.403119 0.0193731 -0.00753989 173 179 137
-0.403602 0.0213021 -0.00802063 184 188 143
-0.404087 0.0232378 -0.00850294 180 184 149
-0.404574 0.0251804 -0.00898691 175 178 140
-0.407145 0.0275477 -0.0115787 169 180 139
-0.416099 -0.0126921 -0.0235482 158 169 128
-0.415514 -0.0108176 -0.0229433 93 90 70
-0.415486 -0.00890548 -0.0229057 70 93 58
-0.414903 -0.00704041 -0.022303 95 112 56
-0.414874 -0.00513109 -0.0222654 173 147 65
-0.414294 -0.00327534 -0.021665 211 146 67
-0.414265 -0.00136883 -0.0216274 160 130 66
-0.413687 0.000477582 -0.0210292 131 143 75
-0.413111 0.00231782 -0.020433 190 149 68
-0.412536 0.00415192 -0.0198389 181 143 63
-0.411422 0.00591045 -0.018694 156 170 74
-0.410316 0.00765706 -0.0175572 183 165 84
-0.409218 0.00939185 -0.0164283 194 153 86
-0.407071 0.0109604 -0.0142303 162 160 83
-0.405474 0.012587 -0.0125925 156 161 103
-0.404926 0.0143614 -0.0120259 146 177 118
-0.403865 0.016045 -0.0109349 174 179 132
-0.40281 0.0177174 -0.00985131 201 198 141
-0.401763 0.0193788 -0.00877503 196 193 145
-0.402244 0.0213079 -0.00925794 190 195 154
-0.402217 0.0231472 -0.00922171 181 190 157
-0.402699 0.0250865 -0.00970614 161 179 143
-0.40473 0.0273445 -0.0117701 145 162 133
-0.408374 0.0299628 -0.0154784 136 149 129
-0.414159 -0.0146384 -0.0243068 171 181 135
-0.413029 -0.012801 -0.0231364 99 91 82
-0.413 -0.0108957 -0.0230989 70 93 62
-0.412971 -0.00899011 -0.0230615 75 97 59
-0.412395 -0.00713125 -0.0224608 133 134 60
-0.411821 -0.00527862 -0.0218622 195 153 70
-0.411249 -0.0034322 -0.0212657 156 137 64
-0.41122 -0.00153552 -0.0212284 117 141 77
-0.41065 0.000301721 -0.0206341 158 158 70
-0.410082 0.00213282 -0.0200417 163 169 73
-0.409516 0.00395784 -0.0194515 163 148 70
-0.408952 0.00577678 -0.0188633 152 148 72
-0.40839 0.0075897 -0.0182771 161 150 71
-0.4073 0.0093219 -0.0171477 159 157 78
-0.405693 0.0109653 -0.0154865 136 161 99
-0.404621 0.0126716 -0.0143763 172 149 125
-0.404074 0.014449 -0.0138058 208 208 136
-0.403014 0.0161354 -0.012707 247 195 157
-0.40196 0.0178105 -0.0116156 225 231 163
-0.400407 0.0193844 -0.0100104 227 205 156
-0.400886 0.0213137 -0.0104955 204 201 159
-0.400858 0.0231532 -0.0104593 179 188 154
-0.400831 0.024993 -0.0104232 151 172 136
-0.402845 0.0272466 -0.0124886 124 146 113
-0.40541 0.0296403 -0.0151195 102 121 105
-0.406959 0.0318481 -0.0167051 136 140 110
-0.411104 -0.014737 -0.0238919 120 91 93
-0.409991 -0.0129087 -0.0227291 75 88 56
-0.409962 -0.0110132 -0.022692 70 95 57
-0.409934 -0.00911751 -0.0226548 113 161 77
-0.409366 -0.00726797 -0.0220581 134 148 77
-0.4088 -0.00542461 -0.0214634 142 164 81
-0.408236 -0.0035874 -0.0208708 117 127 74
-0.407674 -0.00175628 -0.0202802 155 133 71
-0.407114 6.87733e-05 -0.0196917 194 150 71
-0.406556 0.00188778 -0.0191053 180 144 69
-0.406527 0.00376575 -0.0190685 151 151 72
-0.405971 0.0055758 -0.018484 153 146 67
-0.405943 0.00745107 -0.0184473 149 146 71
-0.405388 0.00925218 -0.0178649 140 164 92
-0.404314 0.0109702 -0.0167428 167 148 129
-0.403247 0.0126767 -0.0156284 216 224 178
-0.402702 0.0144543 -0.0150559 216 188 177
-0.401646 0.0161407 -0.0139529 245 215 184
-0.400598 0.017816 -0.0128574 242 232 202
-0.398549 0.0193003 -0.0107244 218 233 182
-0.399024 0.0212263 -0.01121 200 206 156
-0.398996 0.0230629 -0.011174 160 173 137
-0.398968 0.0248997 -0.011138 128 153 113
-0.400967 0.027149 -0.0132049 102 125 92
-0.403511 0.029538 -0.0158375 93 122 90
-0.405047 0.0317416 -0.0174241 133 134 110
-0.409727 -0.0166362 -0.0252108 126 101 108
-0.408082 -0.0148346 -0.0234815 80 96 63
-0.406985 -0.0130154 -0.0223264 69 92 56
-0.406956 -0.0111296 -0.0222895 145 102 63
-0.406396 -0.00928632 -0.0216966 190 125 65
-0.405838 -0.00744913 -0.0211057 132 135 70
-0.405282 -0.00561804 -0.020517 96 119 71
-0.404205 -0.00384487 -0.0193819 148 127 79
-0.404176 -0.00197401 -0.0193454 178 139 72
-0.403626 -0.000160968 -0.0187626 156 162 70
-0.403597 0.00170722 -0.0187261 180 156 71
-0.403049 0.00351133 -0.0181454 158 140 72
-0.403021 0.00537688 -0.0181089 149 152 70
-0.403512 0.00731341 -0.0186165 145 161 85
-0.403483 0.00918271 -0.0185799 138 152 114
-0.402935 0.0109751 -0.0179994 208 226 171
-0.402389 0.0127616 -0.0174209 218 173 182
-0.401845 0.0145422 -0.0168445 220 192 192
-0.40079 0.0162314 -0.0157335 254 239 171
-0.399235 0.0178215 -0.0140994 255 218 189
-0.397695 0.0193957 -0.0124818 199 223 208
-0.397667 0.0212322 -0.0124459 163 187 141
-0.397639 0.0230689 -0.01241 133 155 118
-0.397111 0.0248067 -0.0118506 105 133 101
-0.399601 0.0271554 -0.0144494 95 119 90
-0.401617 0.029436 -0.0165533 100 122 96
-0.40674 -0.0186157 -0.0248306 138 124 112
-0.405648 -0.0167836 -0.0236709 83 89 59
-0.404563 -0.014964 -0.0225192 64 91 56
-0.404009 -0.0131208 -0.0219281 68 94 59
-0.403457 -0.0112838 -0.0213389 187 111 70
-0.402907 -0.00945276 -0.0207518 206 127 67
-0.402879 -0.00758256 -0.0207154 119 113 73
-0.401813 -0.00580882 -0.0195837 87 118 70
-0.401268 -0.00399582 -0.0190026 112 131 75
-0.400726 -0.00218875 -0.0184236 167 134 78
-0.400697 -0.000330245 -0.0183873 143 158 79
-0.400157 0.00146801 -0.0178102 140 169 77
-0.400128 0.00332385 -0.017774 162 168 83
-0.4001 0.00518 -0.0177378 147 160 84
-0.400584 0.00710641 -0.0182423 118 158 99
-0.401069 0.00903974 -0.0187484 194 209 151
-0.401556 0.01098 -0.0192563 223 207 171
-0.401527 0.0128468 -0.0192199 218 168 130
-0.400983 0.0146305 -0.0186393 233 188 181
-0.399929 0.0163225 -0.0175205 254 181 178
-0.399391 0.0180917 -0.0169459 242 242 207
-0.397843 0.0196727 -0.0153056 189 193 154
-0.397312 0.0214248 -0.0147386 140 159 118
-0.397284 0.0232679 -0.0147027 108 134 102
-0.397255 0.0251112 -0.0146667 92 119 91
-0.399249 0.02737 -0.0167649 93 117 95
-0.40127 0.0296601 -0.018892 114 124 103
-0.403785 -0.0205746 -0.0244544 149 152 119
-0.403231 -0.0187192 -0.023859 90 92 63
-0.402158 -0.0168993 -0.0227107 64 91 58
-0.40161 -0.0150593 -0.0221214 64 91 59
-0.401064 -0.0132253 -0.0215341 65 92 59
-0.40052 -0.0113973 -0.0209487 106 90 55
-0.400492 -0.00953363 -0.0209125 113 88 57
-0.399949 -0.00771462 -0.0203292 86 100 62
-0.399409 -0.00590155 -0.019748 81 113 70
-0.39887 -0.00409443 -0.0191687 92 122 71
-0.398334 -0.00229319 -0.0185914 121 140 72
-0.398305 -0.000440857 -0.0185553 122 145 81
-0.39777 0.00135163 -0.0179801 125 151 84
-0.397742 0.00320134 -0.0179441 139 154 77
-0.397714 0.00505131 -0.0179081 139 154 89
-0.398191 0.00697112 -0.0184111 171 157 122
-0.398671 0.00889776 -0.0189159 197 216 179
-0.399152 0.0108313 -0.0194225 235 126 117
-0.399635 0.0127717 -0.0199307 243 179 126
-0.399095 0.0145527 -0.0193501 239 194 171
-0.398557 0.0163278 -0.0187714 252 245 205
-0.398021 0.0180972 -0.0181947 200 204 187
-0.397486 0.0198608 -0.01762 152 168 130
-0.397964 0.0218081 -0.0181225 118 140 112
-0.397935 0.0236639 -0.0180864 93 118 90
-0.397907 0.02552 -0.0180503 88 121 91
-0.397878 0.0273764 -0.0180142 102 122 94
-0.401438 0.0299959 -0.0217985 126 135 109
-0.401378 -0.0224937 -0.0246395 159 169 125
-0.400831 -0.0206415 -0.0240458 95 91 69
-0.400285 -0.0187954 -0.0234543 68 88 55
-0.399741 -0.0169553 -0.0228648 64 90 57
-0.399199 -0.0151213 -0.0222773 64 92 59
-0.398659 -0.0132934 -0.0216918 66 94 74
-0.398121 -0.0114714 -0.0211083 56 96 91
-0.398092 -0.00961395 -0.0210723 63 95 67
-0.397556 -0.00780085 -0.0204908 68 101 64
-0.397021 -0.00599366 -0.0199113 74 107 69
-0.395986 -0.0042428 -0.0187941 85 114 75
-0.395957 -0.00239688 -0.0187583 95 125 79
-0.395929 -0.000550714 -0.0187225 107 138 85
-0.3954 0.00123604 -0.0181489 117 144 91
-0.395371 0.00307963 -0.0181132 123 153 93
-0.395343 0.00492349 -0.0180774 139 152 95
-0.395815 0.00683673 -0.0185791 204 176 129
-0.396289 0.00875674 -0.0190826 202 169 169
-0.39727 0.0107597 -0.0201307 233 130 133
-0.397241 0.0126173 -0.0200946 228 208 175
-0.39772 0.0145579 -0.0206032 247 252 227
-0.397184 0.0163332 -0.0200225 202 231 198
-0.397662 0.0182807 -0.020531 154 169 129
-0.397634 0.0201426 -0.0204949 131 146 113
-0.397605 0.0220046 -0.0204587 107 130 102
-0.398085 0.023966 -0.0209688 106 121 91
-0.399079 0.0260374 -0.0220306 104 119 91
-0.39905 0.0279099 -0.0219942 125 124 98
-0.402655 0.0305589 -0.02586 143 141 117
-0.397936 -0.02257 -0.0236778 102 91 83
-0.397907 -0.0207076 -0.0236417 68 88 57
-0.397878 -0.018845 -0.0236057 66 91 57
-0.396833 -0.0170399 -0.0224683 62 94 58
-0.396804 -0.015183 -0.0224324 63 94 67
-0.39627 -0.013361 -0.0218487 138 153 104
-0.395737 -0.011545 -0.021267 156 164 140
-0.395709 -0.0096937 -0.0212311 172 159 100
-0.395178 -0.00788647 -0.0206515 93 94 84
-0.394649 -0.0060851 -0.0200738 69 100 62
-0.393626 -0.00433974 -0.0189599 77 106 69
-0.393597 -0.00249991 -0.0189243 85 115 76
-0.393569 -0.000659808 -0.0188887 94 123 83
-0.393045 0.00112125 -0.0183169 102 134 85
-0.393017 0.00295875 -0.0182814 110 142 90
-0.392988 0.00479656 -0.0182458 153 161 95
-0.393455 0.00670323 -0.0187462 156 194 127
-0.393923 0.00861669 -0.0192483 202 208 182
-0.394892 0.0106126 -0.0202935 253 212 163
-0.395365 0.012543 -0.0208008 255 197 176
-0.395336 0.0143978 -0.0207649 214 244 200
-0.395308 0.0162529 -0.0207289 154 169 134
-0.395782 0.0181971 -0.0212379 126 152 120
-0.396258 0.0201483 -0.0217485 112 139 112
-0.396735 0.0221064 -0.0222609 106 115 102
-0.397724 0.0241712 -0.0233272 104 116 99
-0.399235 0.0263546 -0.0249587 172 114 94
-0.400241 0.0284527 -0.0260436 181 151 113
-0.403893 0.0311318 -0.0299933 172 148 122
-0.396079 -0.0244466 -0.0244158 116 96 100
-0.395545 -0.0226068 -0.0238279 71 88 57
-0.395517 -0.0207507 -0.0237921 63 90 56
-0.395488 -0.0188942 -0.0237563 63 89 58
-0.394454 -0.0170949 -0.0226223 63 94 63
-0.394425 -0.0152443 -0.0225866 96 97 80
-0.393897 -0.0134282 -0.0220047 169 128 97
-0.39337 -0.0116181 -0.0214248 165 155 125
-0.393341 -0.00977293 -0.0213892 166 175 130
-0.392817 -0.00797151 -0.0208113 88 107 118
-0.392293 -0.00617597 -0.0202354 68 96 61
-0.391281 -0.004436 -0.0191248 71 100 63
-0.391252 -0.00260222 -0.0190894 77 105 68
-0.390735 -0.000824007 -0.0185193 82 112 73
-0.390706 0.00100721 -0.018484 89 119 78
-0.391167 0.00290071 -0.0189832 96 126 86
-0.390649 0.00467045 -0.0184132 120 138 92
-0.39111 0.00657067 -0.0189123 132 180 104
-0.391572 0.0084776 -0.0194131 208 177 130
-0.39253 0.0104664 -0.0204554 187 209 172
-0.392997 0.0123902 -0.0209613 184 200 185
-0.393466 0.0143208 -0.021469 172 169 130
-0.393936 0.0162583 -0.0219784 141 150 116
-0.394408 0.0182027 -0.0224895 121 141 103
-0.395386 0.0202467 -0.023553 100 126 93
-0.395863 0.0222085 -0.0240695 103 121 94
-0.397874 0.0244786 -0.0262622 135 111 89
-0.400435 0.0268864 -0.0290552 192 169 108
-0.400929 0.028895 -0.0295903 210 140 113
-0.405153 0.0317148 -0.0342 201 159 123
-0.394229 -0.0263169 -0.0251515 128 109 107
-0.393699 -0.0244772 -0.0245634 77 90 54
-0.393171 -0.0226434 -0.0239772 63 92 56
-0.393142 -0.0207934 -0.0239416 63 91 56
-0.393113 -0.0189432 -0.023906 65 92 59
-0.392091 -0.0171497 -0.0227755 97 92 80
-0.392062 -0.0153051 -0.02274 131 122 120
-0.39154 -0.013495 -0.0221599 165 188 147
-0.391019 -0.0116907 -0.0215818 154 149 125
-0.39099 -0.0098516 -0.0215464 115 131 123
-0.389982 -0.0080996 -0.0204315 113 125 89
-0.389953 -0.00626619 -0.0203962 76 92 60
-0.388952 -0.00453161 -0.0192889 65 96 60
-0.388923 -0.00270384 -0.0192537 70 100 62
-0.388411 -0.000931266 -0.0186853 76 106 66
-0.388383 0.00089396 -0.0186502 83 110 73
-0.388354 0.00271946 -0.018615 88 119 82
-0.388326 0.00454522 -0.0185798 106 129 89
-0.389266 0.00650696 -0.0196123 122 142 101
-0.389725 0.0084107 -0.0201136 152 163 116
-0.391166 0.0104712 -0.0216984 158 187 125
-0.391631 0.0123952 -0.0222066 144 175 130
-0.392097 0.014326 -0.0227164 131 155 119
-0.392565 0.0162637 -0.023228 122 137 105
-0.393034 0.0182082 -0.0237414 104 128 95
-0.394511 0.0203454 -0.025364 101 132 86
-0.395493 0.0224078 -0.026443 118 104 88
-0.397509 0.0246873 -0.0286598 198 126 93
-0.401127 0.0273199 -0.032642 172 126 105
-0.402687 0.029567 -0.0343576 204 154 116
-0.391888 -0.0281905 -0.0253318 137 138 118
-0.391364 -0.026354 -0.0247455 82 89 57
-0.391335 -0.0245075 -0.0247101 65 91 56
-0.390812 -0.0226798 -0.0241258 65 92 55
-0.390784 -0.0208359 -0.0240904 65 92 59
-0.390263 -0.019017 -0.0235081 81 95 69
-0.389744 -0.017204 -0.0229279 95 135 100
-0.389715 -0.0153656 -0.0228925 135 165 134
-0.389198 -0.0135613 -0.0223143 153 136 143
-0.388683 -0.0117628 -0.021738 112 136 121
-0.388169 -0.00997011 -0.0211636 142 157 108
-0.387657 -0.00818322 -0.0205912 92 124 122
-0.387147 -0.00640205 -0.0200207 69 94 59
-0.386638 -0.00462658 -0.019452 64 96 60
-0.386131 -0.00285681 -0.0188853 66 98 62
-0.386103 -0.00103781 -0.0188504 71 101 66
-0.385598 0.000723524 -0.0182856 74 106 73
-0.385569 0.00254004 -0.0182507 82 112 79
-0.385541 0.0043568 -0.0182158 97 122 82
-0.385989 0.00624091 -0.0187106 109 137 96
-0.386439 0.00813158 -0.019207 132 143 114
-0.387854 0.0101769 -0.0207766 129 142 112
-0.38831 0.0120876 -0.0212799 120 143 110
-0.389744 0.0141676 -0.0228707 107 129 97
-0.390699 0.0161837 -0.0239285 97 123 92
-0.392158 0.018303 -0.0255466 102 113 87
-0.393632 0.0204445 -0.0271814 104 98 83
-0.395121 0.0226085 -0.0288332 124 116 92
-0.398177 0.025103 -0.0322252 182 152 114
-0.402897 0.0279785 -0.0374673 187 163 129
-0.388585 -0.0300644 -0.0244143 153 163 126
-0.388556 -0.0282277 -0.0243791 96 89 67
-0.388527 -0.0263907 -0.024344 67 89 57
-0.388498 -0.0245534 -0.0243088 63 91 58
-0.38847 -0.0227159 -0.0242735 65 91 59
-0.387955 -0.0209001 -0.0236931 68 97 63
-0.387441 -0.0190901 -0.0231145 91 134 85
-0.387412 -0.017258 -0.0230794 138 183 119
-0.386901 -0.0154567 -0.0225029 146 151 104
-0.386391 -0.0136612 -0.0219283 119 162 114
-0.386362 -0.0118344 -0.0218933 136 126 100
-0.385854 -0.0100475 -0.0213207 110 155 125
-0.385348 -0.00826627 -0.02075 79 98 64
-0.384843 -0.00649077 -0.0201812 66 94 65
-0.383867 -0.00476958 -0.019084 69 97 63
-0.383838 -0.00295674 -0.0190493 67 101 66
-0.383339 -0.00119819 -0.0184862 72 101 67
-0.38331 0.000612157 -0.0184515 85 106 71
-0.383282 0.00242278 -0.0184168 85 114 79
-0.382784 0.00417025 -0.0178557 98 120 87
-0.384169 0.00617828 -0.0194055 112 128 96
-0.38414 0.00799573 -0.0193707 114 136 101
-0.385062 0.00996006 -0.0204008 106 126 104
-0.386952 0.0120926 -0.0225171 96 122 94
-0.388868 0.0142544 -0.0246623 92 117 83
-0.389822 0.0162744 -0.025728 103 106 84
-0.391278 0.018398 -0.0273582 103 95 91
-0.393254 0.0206379 -0.0295701 119 107 86
-0.395257 0.0229091 -0.0318128 179 130 107
-0.399906 0.0257344 -0.0370207 221 194 155
-0.405251 0.0287637 -0.0430091 191 187 173
-0.385297 -0.0300889 -0.0234744 95 114 104
-0.385269 -0.0282643 -0.0234395 71 103 67
-0.38524 -0.0264395 -0.0234046 63 92 58
-0.385211 -0.0246145 -0.0233698 64 92 60
-0.385182 -0.0227892 -0.0233349 65 97 63
-0.385154 -0.0209636 -0.0233 87 127 84
-0.384648 -0.0191625 -0.0227251 162 137 116
-0.384143 -0.0173671 -0.0221522 138 182 141
-0.384114 -0.0155469 -0.0221174 124 152 96
-0.384086 -0.0137263 -0.0220826 117 106 105
-0.384057 -0.0119055 -0.0220478 111 141 126
-0.383554 -0.0101243 -0.021477 84 112 74
-0.383053 -0.00834875 -0.020908 107 104 81
-0.382085 -0.00662438 -0.0198103 117 126 86
-0.381589 -0.00486298 -0.019247 79 100 84
-0.381094 -0.00310719 -0.0186854 70 101 77
-0.381066 -0.00130297 -0.018651 78 105 71
-0.380573 0.000444558 -0.0180914 91 106 75
-0.380545 0.00224631 -0.018057 95 117 82
-0.380516 0.00404833 -0.0180226 100 128 90
-0.380952 0.00591661 -0.018513 103 132 100
-0.381857 0.00786081 -0.0195335 106 129 99
-0.383239 0.00989143 -0.0210945 95 120 88
-0.385594 0.0120976 -0.0237546 90 116 85
-0.387989 0.0143416 -0.0264601 85 117 84
-0.388941 0.0163655 -0.0275339 97 123 97
-0.390894 0.0185836 -0.0297395 104 99 85
-0.39338 0.0209276 -0.0325485 139 129 100
-0.395395 0.0232129 -0.0348239 208 180 134
-0.400602 0.0261649 -0.0407094 240 202 159
-0.383025 -0.0319187 -0.0236576 115 111 101
-0.382997 -0.0301004 -0.0236229 71 93 57
-0.382968 -0.0282818 -0.0235882 62 95 60
-0.382467 -0.0264754 -0.023015 63 92 60
-0.382438 -0.0246593 -0.0229804 61 94 62
-0.38241 -0.022843 -0.0229457 96 98 86
-0.38191 -0.0210479 -0.0223744 149 124 122
-0.381882 -0.0192341 -0.0223399 156 159 140
-0.381853 -0.01742 -0.0223053 141 151 124
-0.381824 -0.0156057 -0.0222707 117 117 121
-0.381796 -0.0137911 -0.0222361 163 159 116
-0.381767 -0.0119762 -0.0222015 97 96 95
-0.380803 -0.0102401 -0.0210997 109 117 90
-0.380309 -0.00847303 -0.0205342 107 103 113
-0.379816 -0.0067116 -0.0199707 111 136 105
-0.378865 -0.00500363 -0.0188835 105 136 119
-0.378836 -0.00320547 -0.0188492 120 106 102
-0.378349 -0.00146069 -0.0182912 94 115 80
-0.37832 0.000335023 -0.018257 92 117 89
-0.378292 0.00213101 -0.0182228 96 124 87
-0.378264 0.00392724 -0.0181885 105 124 92
-0.378235 0.00572374 -0.0181543 106 126 89
-0.380052 0.00779595 -0.0202242 99 121 85
-0.381893 0.0098962 -0.0223218 87 115 85
-0.385196 0.0122584 -0.0260873 80 114 83
-0.387106 0.0144291 -0.0282643 92 118 83
-0.388549 0.0165433 -0.0299077 102 109 90
-0.391007 0.0188614 -0.0327086 152 105 89
-0.392998 0.0211243 -0.0349772 215 157 117
-0.396052 0.023621 -0.0384583 204 174 162
-0.401847 0.0267102 -0.0450661 225 200 167
-0.381707 -0.0337359 -0.0249197 134 130 114
-0.38074 -0.0319242 -0.0238052 82 90 64
-0.380711 -0.0301119 -0.0237707 62 90 60
-0.380682 -0.0282992 -0.0237363 64 93 60
-0.380187 -0.0264986 -0.0231647 63 91 61
-0.380625 -0.0246731 -0.0236673 90 94 78
-0.380129 -0.022878 -0.0230959 121 123 120
-0.379635 -0.0210887 -0.0225263 165 181 142
-0.379607 -0.0192807 -0.022492 168 146 113
-0.379578 -0.0174725 -0.0224576 120 148 116
-0.37955 -0.0156641 -0.0224232 151 153 98
-0.379057 -0.0138887 -0.0218557 110 107 109
-0.378567 -0.0121189 -0.02129 74 96 76
-0.37762 -0.0103936 -0.0201986 95 138 111
-0.377134 -0.00863785 -0.0196384 87 133 94
-0.37665 -0.00688761 -0.0190802 92 130 93
-0.376168 -0.00514286 -0.0185238 95 130 87
-0.375687 -0.00340361 -0.0179692 108 124 101
-0.375658 -0.00161688 -0.0179352 118 153 96
-0.37563 0.000170135 -0.0179012 102 141 116
-0.376054 0.00201644 -0.0183877 97 121 90
-0.376026 0.00380692 -0.0183537 97 122 89
-0.376906 0.00572812 -0.0193654 96 119 89
-0.378253 0.00773134 -0.0209127 89 117 87
-0.380078 0.00982781 -0.0230115 85 109 81
-0.384313 0.0123418 -0.0278818 91 109 87
-0.386709 0.0145997 -0.0306367 97 115 96
-0.388649 0.0168095 -0.0328676 135 115 99
-0.391121 0.0191422 -0.035709 212 166 123
-0.393635 0.0215161 -0.0386001 241 200 167
-0.396717 0.0240348 -0.0421445 234 187 157
-0.402024 0.0270446 -0.0482474 202 181 161
-0.379892 -0.0337353 -0.0256044 116 115 97
-0.379397 -0.0319233 -0.0250288 81 95 71
-0.378903 -0.030117 -0.0244552 74 94 60
-0.378875 -0.0283072 -0.0244209 64 91 60
-0.378383 -0.0265094 -0.0238493 61 93 64
-0.378354 -0.0247021 -0.023815 109 109 89
-0.377864 -0.0229128 -0.0232453 112 158 123
-0.377835 -0.021108 -0.023211 120 124 125
-0.377347 -0.0193271 -0.0226432 110 115 78
-0.377318 -0.0175247 -0.0226091 143 137 72
-0.37729 -0.0157221 -0.0225749 133 136 94
-0.376803 -0.0139523 -0.0220091 80 93 61
-0.376318 -0.0121881 -0.0214452 61 97 73
-0.375381 -0.0104681 -0.0203569 84 129 95
-0.37445 -0.00875925 -0.0192757 125 126 91
-0.373972 -0.00701727 -0.0187209 83 120 100
-0.373497 -0.00528076 -0.0181679 113 103 73
-0.373468 -0.00349996 -0.0181341 135 121 86
-0.37344 -0.00171889 -0.0181003 137 163 112
-0.373412 6.24237e-05 -0.0180666 108 152 128
-0.373831 0.00190265 -0.0185518 94 117 84
-0.374701 0.00381114 -0.0195609 88 115 83
-0.376488 0.00586387 -0.0216334 85 115 82
-0.378298 0.00794428 -0.0237335 86 115 80
-0.382977 0.0105003 -0.0291613 95 110 88
-0.386338 0.0129026 -0.033061 96 117 105
-0.388283 0.0151081 -0.0353166 128 132 117
-0.391266 0.0175237 -0.0387771 206 181 134
-0.394312 0.0199908 -0.042311 236 185 159
-0.397424 0.0225111 -0.0459206 240 201 175
-0.402781 0.0255149 -0.0521365 240 194 157
-0.378547 -0.0337345 -0.0268302 117 80 71
-0.378054 -0.0319223 -0.0262527 77 82 63
-0.377563 -0.0301158 -0.0256771 74 91 63
-0.377073 -0.0283151 -0.0251035 73 97 69
-0.376585 -0.0265202 -0.0245317 73 93 63
-0.376556 -0.0247157 -0.0244976 79 92 65
-0.37607 -0.0229292 -0.0239278 78 116 86
-0.375585 -0.0211483 -0.0233598 77 112 90
-0.375102 -0.0193731 -0.0227938 69 96 63
-0.375073 -0.0175766 -0.0227598 91 110 74
-0.375044 -0.0157798 -0.0227258 77 99 82
-0.374563 -0.0140155 -0.0221617 68 98 60
-0.373633 -0.0122925 -0.0210729 65 95 65
-0.372709 -0.0105805 -0.0199913 72 98 66
-0.372235 -0.0088385 -0.0194363 98 124 77
-0.371763 -0.00710193 -0.0188831 109 137 93
-0.371292 -0.00537079 -0.0183317 123 134 95
-0.370823 -0.00364504 -0.0177821 140 143 99
-0.370795 -0.00187252 -0.0177486 144 157 112
-0.370767 -9.9765e-05 -0.0177151 103 120 98
-0.371621 0.0017896 -0.0187149 87 118 91
-0.372481 0.00369161 -0.0197214 90 115 82
-0.374248 0.00573692 -0.0217882 84 109 77
-0.376037 0.00780974 -0.0238825 87 120 82
-0.381135 0.01043 -0.0298492 188 171 103
-0.386427 0.01315 -0.0360427 168 145 126
-0.388382 0.015369 -0.0383309 208 188 166
-0.391893 0.0178912 -0.0424398 234 178 158
-0.394968 0.0203799 -0.046038 243 186 158
-0.398109 0.0229227 -0.0497139 221 191 161
-0.377202 -0.0337337 -0.0280563 112 79 69
-0.376251 -0.0319245 -0.0269334 77 81 60
-0.375763 -0.0301209 -0.0263578 76 81 58
-0.375734 -0.0283138 -0.0263237 72 84 61
-0.374793 -0.0265309 -0.0252121 71 84 65
-0.374764 -0.0247293 -0.0251781 80 98 64
-0.373829 -0.0229636 -0.0240741 73 90 61
-0.373349 -0.0211884 -0.0235078 64 95 58
-0.372871 -0.0194188 -0.0229435 64 93 59
-0.372842 -0.0176281 -0.0229097 61 97 61
-0.372814 -0.015837 -0.022876 63 96 63
-0.372337 -0.0140784 -0.0223136 64 95 59
-0.371418 -0.0123606 -0.021228 65 96 61
-0.370946 -0.0106158 -0.020671 65 98 63
-0.370476 -0.0088764 -0.0201159 73 103 64
-0.370007 -0.00714245 -0.0195626 86 99 72
-0.369978 -0.00536742 -0.0195291 99 123 97
-0.369511 -0.0036415 -0.0189776 102 139 115
-0.369483 -0.00186883 -0.0189442 103 117 92
-0.369455 -9.59092e-05 -0.0189108 93 115 81
-0.369865 0.00173536 -0.0193951 85 115 85
-0.371161 0.00369582 -0.0209251 86 113 80
-0.372469 0.00567596 -0.0224702 82 116 80
-0.374244 0.00774509 -0.0245656 192 141 90
-0.3793 0.0103599 -0.0305351 232 175 131
-0.385529 0.0132365 -0.0378893 221 182 162
-0.388483 0.0156325 -0.041377 230 188 161
-0.392013 0.0181716 -0.0455456 238 178 145
-0.395105 0.0206769 -0.0491965 228 183 147
-0.398803 0.0233403 -0.0535624 188 174 144
-0.375856 -0.0337329 -0.0292826 111 80 67
-0.374909 -0.0319236 -0.0281557 78 84 60
-0.374424 -0.0301198 -0.0275781 77 81 59
-0.37394 -0.0283218 -0.0270024 74 82 60
-0.373006 -0.0265416 -0.0258905 89 81 62
-0.372527 -0.0247579 -0.0253205 76 94 68
-0.372049 -0.0229799 -0.0247523 85 81 70
-0.371573 -0.0212074 -0.024186 78 100 60
-0.371099 -0.0194405 -0.0236215 71 93 60
-0.37107 -0.0176525 -0.0235879 65 96 59
-0.371041 -0.0158643 -0.0235542 62 95 62
-0.370569 -0.0141083 -0.0229917 65 96 60
-0.369656 -0.0123931 -0.0219058 66 97 62
-0.369188 -0.0106509 -0.0213487 67 100 65
-0.368721 -0.00891418 -0.0207935 70 102 67
-0.368693 -0.00713923 -0.0207601 70 104 70
-0.368664 -0.00536404 -0.0207267 82 105 74
-0.368636 -0.00358858 -0.0206933 84 113 76
-0.368607 -0.00181285 -0.0206599 86 113 81
-0.368579 -3.68692e-05 -0.0206265 85 113 80
-0.369427 0.00185612 -0.0216377 82 112 81
-0.370725 0.0038238 -0.0231839 81 112 77
-0.372036 0.0058113 -0.0247454 166 126 86
-0.374269 0.0079581 -0.0274054 235 196 127
-0.379351 0.0105904 -0.0334586 232 186 159
-0.385613 0.0134874 -0.0409173 234 184 171
-0.388584 0.0158989 -0.0444554 235 182 156
-0.392653 0.0185482 -0.0493027 227 168 147
-0.395244 0.0209771 -0.0523893 227 184 148
-0.398964 0.023659 -0.0568199 167 136 120
-0.403897 0.0266338 -0.062696 145 143 116
-0.375892 -0.0337314 -0.0321684 112 78 67
-0.37494 -0.0319128 -0.0310262 81 84 60
-0.373995 -0.0301061 -0.0298917 78 85 59
-0.373056 -0.0283112 -0.0287647 75 82 60
-0.372123 -0.026528 -0.0276452 108 100 71
-0.371644 -0.0247412 -0.0270715 102 107 83
-0.370721 -0.0229781 -0.0259631 96 97 72
-0.370247 -0.0212055 -0.0253949 77 95 71
-0.369332 -0.0194622 -0.0242975 87 77 66
-0.369304 -0.017677 -0.024264 72 93 63
-0.369275 -0.0158915 -0.0242305 68 95 62
-0.368806 -0.0141382 -0.0236679 64 96 63
-0.368338 -0.0123904 -0.0231071 65 100 65
-0.367436 -0.010686 -0.0220244 68 101 66
-0.367407 -0.00891113 -0.0219911 73 105 70
-0.367379 -0.00713603 -0.0219578 75 105 72
-0.36735 -0.00536067 -0.0219245 76 108 73
-0.367321 -0.00358502 -0.0218912 79 107 78
-0.367293 -0.00180915 -0.0218579 86 107 76
-0.3677 2.23559e-05 -0.022348 83 116 80
-0.368547 0.00191881 -0.0233666 81 111 79
-0.369842 0.00389024 -0.024924 112 126 81
-0.371599 0.00594755 -0.0270359 226 212 109
-0.37338 0.00803265 -0.0291761 242 192 129
-0.377982 0.0105952 -0.034706 230 191 157
-0.384707 0.013575 -0.0427857 239 190 151
-0.388685 0.016168 -0.0475667 247 185 145
-0.392778 0.0188357 -0.0524848 235 153 136
-0.395918 0.0213804 -0.0562577 185 134 131
-0.399673 0.0240874 -0.0607706 145 137 107
-0.40409 0.0269782 -0.0660777 157 154 120
-0.375927 -0.0337299 -0.0350837 110 80 69
-0.374509 -0.0319052 -0.0333671 81 84 60
-0.37402 -0.030086 -0.0327761 79 84 59
-0.372621 -0.0282914 -0.0310826 77 84 58
-0.371687 -0.0265021 -0.0299518 110 104 71
-0.370758 -0.0247244 -0.0288284 106 110 81
-0.369836 -0.0229583 -0.0277125 101 110 88
-0.36892 -0.0212035 -0.026604 75 92 85
-0.36845 -0.0194363 -0.0260357 81 81 59
-0.367981 -0.0176747 -0.0254693 71 91 63
-0.367952 -0.015889 -0.0254359 89 86 60
-0.367048 -0.014168 -0.0243421 73 93 65
-0.366584 -0.0124228 -0.0237812 70 99 64
-0.366121 -0.0106831 -0.0232222 71 101 67
-0.36566 -0.0089488 -0.022665 74 107 75
-0.365632 -0.00717643 -0.0226318 73 105 74
-0.365603 -0.00540379 -0.0225986 77 106 73
-0.365143 -0.00368014 -0.0220433 80 107 76
-0.365546 -0.00185774 -0.0225323 80 110 76
-0.366383 2.62408e-05 -0.0235482 78 110 77
-0.367225 0.00192287 -0.0245709 87 122 78
-0.3694 0.00401949 -0.0272077 206 191 92
-0.37071 0.00601822 -0.0287973 248 208 116
-0.372943 0.00817789 -0.0315048 240 187 144
-0.376613 0.0106001 -0.0359536 235 194 160
-0.384291 0.0137461 -0.04526 208 185 145
-0.388278 0.0163509 -0.0500931 225 177 150
-0.39238 0.019031 -0.0550653 174 136 143
-0.396062 0.0216882 -0.0595303 146 128 99
-0.39929 0.024307 -0.0634436 140 146 114
-0.375963 -0.0337284 -0.0380289 103 81 76
-0.375001 -0.031891 -0.0368554 80 86 57
-0.374046 -0.0300657 -0.0356899 79 84 60
-0.372639 -0.0282619 -0.0339733 76 84 62
-0.371247 -0.026476 -0.0322739 110 105 71
-0.370317 -0.0246923 -0.0311392 111 115 82
-0.368948 -0.0229384 -0.029468 116 109 82
-0.368034 -0.0211806 -0.0283519 82 92 78
-0.367564 -0.0194104 -0.0277799 115 105 71
-0.367096 -0.0176458 -0.0272098 106 94 70
-0.366193 -0.0159162 -0.0261084 84 87 70
-0.365729 -0.0141654 -0.0255438 81 93 68
-0.364836 -0.0124551 -0.0244533 93 97 62
-0.364376 -0.010718 -0.0238942 82 93 72
-0.363919 -0.00898633 -0.0233368 86 106 70
-0.36389 -0.00721668 -0.0233038 83 107 73
-0.363861 -0.00544679 -0.0232708 74 107 75
-0.363833 -0.00367663 -0.0232377 75 105 73
-0.363804 -0.0019062 -0.0232047 76 105 72
-0.365065 3.00959e-05 -0.0247487 76 110 77
-0.365904 0.0019269 -0.0257754 194 143 83
-0.36851 0.00408658 -0.0289636 248 204 107
-0.370267 0.00615584 -0.0311132 251 202 121
-0.372503 0.00832409 -0.0338496 238 187 160
-0.375711 0.0106807 -0.0377726 222 189 177
-0.383377 0.0138346 -0.0471463 229 158 122
-0.388379 0.0166249 -0.0532628 181 130 107
-0.392504 0.0193236 -0.0583079 140 126 100
-0.396208 0.0219994 -0.062839 133 138 108
-0.400565 0.0248539 -0.0681672 164 156 122
-0.375999 -0.0337268 -0.0410046 108 78 63
-0.375032 -0.0318799 -0.0398151 81 86 59
-0.374071 -0.0300452 -0.0386337 79 85 61
-0.372658 -0.0282322 -0.0368935 79 83 62
-0.371258 -0.0264372 -0.0351709 109 100 68
-0.369873 -0.02466 -0.0334656 123 108 78
-0.368057 -0.0229185 -0.0312295 128 108 72
-0.367144 -0.0211577 -0.0301058 87 88 70
-0.366237 -0.0194083 -0.0289895 133 87 68
-0.36577 -0.0176435 -0.0284175 128 135 108
-0.364872 -0.0159137 -0.0273123 87 106 95
-0.36441 -0.0141628 -0.0267458 88 80 61
-0.363521 -0.0124524 -0.0256514 82 98 69
-0.363064 -0.0107151 -0.0250904 74 86 68
-0.362608 -0.00898327 -0.0245312 80 95 61
-0.362154 -0.0072568 -0.0239738 81 99 69
-0.362125 -0.00548963 -0.0239409 76 107 75
-0.361673 -0.00377112 -0.0233855 78 105 73
-0.362068 -0.00195447 -0.0238751 79 110 76
-0.363318 -2.14166e-05 -0.02542 156 123 82
-0.364149 0.00187227 -0.0264473 238 212 111
-0.36806 0.00421712 -0.0312726 254 207 107
-0.36982 0.00629439 -0.033445 249 198 125
-0.372519 0.00854293 -0.0367758 239 189 161
-0.375273 0.0108379 -0.040175 172 187 171
-0.38345 0.0140918 -0.0502615 218 196 133
-0.389514 0.0170845 -0.0577419 159 134 118
-0.393693 0.0198147 -0.0628986 130 139 109
-0.397447 0.0225218 -0.0675311 138 145 116
-0.4013 0.0253 -0.072285 201 177 142
-0.405833 0.0282703 -0.0778785 243 201 165
-0.376034 -0.0337252 -0.0440112 105 76 63
-0.375062 -0.0318686 -0.0428054 77 88 60
-0.374097 -0.0300245 -0.0416078 79 84 59
-0.373138 -0.0281925 -0.0404183 79 85 62
-0.371269 -0.0263981 -0.0380975 120 108 75
-0.369877 -0.0246119 -0.036369 127 105 78
-0.368498 -0.0228434 -0.0346577 127 110 74
-0.367134 -0.0210923 -0.0329636 87 86 67
-0.365783 -0.0193583 -0.0312862 101 104 74
-0.36488 -0.0176144 -0.0301661 123 104 93
-0.363982 -0.0158818 -0.0290534 102 114 92
-0.363091 -0.0141602 -0.027948 103 91 69
-0.362206 -0.0124496 -0.0268498 89 109 87
-0.361751 -0.0107122 -0.0262869 93 77 58
-0.361297 -0.00898025 -0.0257258 75 97 68
-0.360423 -0.00729683 -0.024642 79 80 63
-0.360395 -0.00553233 -0.0246092 77 97 64
-0.359945 -0.00381638 -0.0240536 85 117 78
-0.360759 -0.00195078 -0.0250681 103 127 88
-0.362003 -1.75472e-05 -0.026619 220 208 105
-0.362829 0.00187631 -0.0276502 224 181 103
-0.367163 0.00428487 -0.0330445 250 208 113
-0.36937 0.00643383 -0.0357926 250 195 130
-0.372073 0.00869162 -0.0391588 243 188 151
-0.377201 0.0113842 -0.0455408 166 142 122
-0.384528 0.014523 -0.0546584 172 181 136
-0.389622 0.0173664 -0.0609994 188 140 143
-0.393826 0.020116 -0.0662324 150 136 118
-0.398155 0.0229478 -0.0716213 160 160 125
-0.402046 0.0257529 -0.0764652 210 184 166
-0.406625 0.0287531 -0.0821657 245 192 167
-0.376546 -0.0337234 -0.0476462 106 76 63
-0.375093 -0.0318573 -0.0458268 77 85 59
-0.374592 -0.0299969 -0.0452015 78 86 58
-0.373158 -0.0281621 -0.043407 77 85 63
-0.37174 -0.0263458 -0.0416308 116 103 70
-0.370335 -0.0245476 -0.0398727 110 105 78
-0.368495 -0.022786 -0.0375674 119 105 78
-0.367123 -0.0210262 -0.0358502 85 82 70
-0.365765 -0.0192838 -0.0341502 116 117 84
-0.364858 -0.0175313 -0.0330151 115 102 84
-0.363522 -0.01582 -0.0313431 87 78 61
-0.3622 -0.0141253 -0.0296876 107 92 68
-0.361316 -0.0124119 -0.028582 86 97 89
-0.360438 -0.0107093 -0.0274836 105 101 71
-0.359986 -0.0089772 -0.0269206 82 105 88
-0.359116 -0.00729363 -0.025833 103 97 74
-0.359088 -0.00552897 -0.0258003 84 86 57
-0.35864 -0.00381287 -0.0252428 106 105 81
-0.35903 -0.00199891 -0.025735 197 176 121
-0.360263 -6.89074e-05 -0.0272866 202 196 110
-0.361083 0.00182185 -0.0283184 202 193 100
-0.365821 0.00428914 -0.0342678 244 209 113
-0.368016 0.00643833 -0.0370263 252 190 118
-0.370706 0.00869631 -0.0404051 207 190 142
-0.377241 0.0116253 -0.0486101 147 132 104
-0.383097 0.0145283 -0.0559625 173 144 119
-0.388685 0.0174648 -0.06298 206 181 151
-0.39396 0.0204206 -0.0696033 163 140 114
-0.398315 0.0232731 -0.0750731 190 171 134
-0.40223 0.0260987 -0.0799906 215 183 162
-0.406251 0.0290006 -0.0850404 231 220 180
-0.377065 -0.0337216 -0.0513321 106 77 64
-0.375599 -0.0318424 -0.049481 77 82 59
-0.375093 -0.0299689 -0.0488451 78 82 60
-0.373647 -0.0281215 -0.0470196 75 87 64
-0.372216 -0.0262927 -0.0452128 116 106 73
-0.3708 -0.0244825 -0.0434245 93 83 69
-0.368944 -0.0227092 -0.0410796 118 114 80
-0.367113 -0.0209595 -0.0387662 86 81 72
-0.365748 -0.0192085 -0.0370431 117 121 86
-0.364836 -0.0174473 -0.0358928 99 103 85
-0.363059 -0.0157578 -0.0336482 77 80 61
-0.362165 -0.0140249 -0.0325205 114 94 71
-0.360849 -0.0123386 -0.0308593 85 87 71
-0.359546 -0.0106686 -0.0292143 114 100 71
-0.358675 -0.00897416 -0.0281157 91 113 96
-0.357809 -0.00729043 -0.0270242 100 120 95
-0.35778 -0.00552562 -0.0269917 86 77 60
-0.357335 -0.00380936 -0.0264323 86 101 83
-0.35814 -0.00194342 -0.0274548 215 168 121
-0.359794 4.55895e-05 -0.0295527 211 182 111
-0.360614 0.0019431 -0.0305955 229 180 101
-0.365359 0.00442106 -0.0366067 254 207 115
-0.367558 0.00657875 -0.0393943 255 190 112
-0.371635 0.00906547 -0.0445599 176 152 114
-0.379226 0.012191 -0.0541746 152 137 108
-0.384688 0.0150549 -0.0610939 217 164 123
-0.388789 0.0177508 -0.0662904 176 155 135
-0.394095 0.0207287 -0.0730121 153 149 129
-0.398477 0.0236021 -0.0785642 217 195 168
-0.402416 0.0264484 -0.0835565 227 198 172
-0.406463 0.0293721 -0.088684 204 221 199
-0.377591 -0.0337197 -0.0550699 108 79 66
-0.376112 -0.0318272 -0.0531864 80 84 57
-0.375601 -0.0299406 -0.0525397 80 82 58
-0.374143 -0.0280803 -0.0506824 76 85 64
-0.372699 -0.026239 -0.0488443 104 103 72
-0.37127 -0.0244164 -0.0470251 85 82 68
-0.369398 -0.0226313 -0.0446399 119 110 80
-0.367552 -0.0208702 -0.0422868 89 84 70
-0.366175 -0.0191076 -0.0405344 123 114 86
-0.364813 -0.0173625 -0.0387996 98 112 94
-0.363027 -0.0156649 -0.0365246 76 80 56
-0.361696 -0.0139566 -0.0348298 100 86 64
-0.359952 -0.0123005 -0.032607 81 81 69
-0.35823 -0.0106657 -0.0304134 119 108 79
-0.357781 -0.00893047 -0.029845 100 107 91
-0.356917 -0.007244 -0.0287461 94 118 98
-0.356888 -0.00547618 -0.0287136 81 81 58
-0.356444 -0.00375705 -0.0281507 80 90 70
-0.357664 -0.00183557 -0.0297143 224 179 94
-0.359745 0.00021683 -0.0323765 218 181 107
-0.36057 0.00212446 -0.0334339 247 196 110
-0.365783 0.0046832 -0.0400962 255 202 111
-0.367547 0.00678891 -0.0423546 252 189 111
-0.371645 0.00929189 -0.0475927 183 143 112
-0.379277 0.0124406 -0.0573446 210 183 128
-0.383749 0.0151482 -0.0630608 197 178 129
-0.389423 0.0181353 -0.0703119 154 144 112
-0.394232 0.0210401 -0.0764592 151 164 147
-0.39864 0.0239348 -0.0820952 202 200 202
-0.402604 0.0268021 -0.0871638 237 175 170
-0.406677 0.0297479 -0.0923705 199 193 188
-0.377635 -0.0337181 -0.0582314 110 85 69
-0.376631 -0.0318119 -0.0569442 83 87 59
-0.375635 -0.0299187 -0.055666 79 84 59
-0.374645 -0.0280385 -0.0543967 79 84 67
-0.372717 -0.0261978 -0.051919 113 116 83
-0.37128 -0.0243658 -0.0500746 87 81 71
-0.369399 -0.0225718 -0.0476563 114 114 83
-0.367542 -0.0208018 -0.0452708 88 81 62
-0.366159 -0.0190306 -0.0434944 89 82 67
-0.36479 -0.0172768 -0.041736 73 81 80
-0.362995 -0.0155712 -0.03943 71 83 60
-0.361225 -0.0138879 -0.0371546 105 103 81
-0.359905 -0.0121908 -0.0354596 82 81 74
-0.357753 -0.0105867 -0.0326935 108 103 80
-0.357304 -0.0088458 -0.0321195 103 103 80
-0.356438 -0.00715393 -0.0310098 84 103 91
-0.356409 -0.00538016 -0.0309772 77 82 60
-0.355963 -0.00365543 -0.0304088 84 92 70
-0.357186 -0.001727 -0.0319887 222 187 101
-0.35927 0.00033321 -0.0346786 217 168 109
-0.360095 0.0022477 -0.0357472 251 209 116
-0.365763 0.00488324 -0.0430552 255 196 110
-0.367537 0.00700124 -0.0453453 215 185 117
-0.371188 0.00944576 -0.0500551 222 177 129
-0.380322 0.0128592 -0.0618291 217 178 144
-0.384852 0.0155983 -0.0676706 172 146 116
-0.390065 0.0185254 -0.0743932 150 162 119
-0.394921 0.0214589 -0.0806559 184 177 149
-0.400516 0.0246054 -0.0878719 204 184 202
-0.403964 0.0273965 -0.0923203 231 177 166
-0.378171 -0.0337161 -0.0620653 110 85 69
-0.377158 -0.0317963 -0.0607555 85 88 61
-0.375668 -0.0298967 -0.0588255 81 84 62
-0.375154 -0.0279962 -0.0581634 80 85 68
-0.373208 -0.0261427 -0.0556422 111 106 80
-0.37176 -0.0242981 -0.0537657 88 81 69
-0.369861 -0.022492 -0.0513053 104 116 82
-0.367989 -0.0207104 -0.0488786 85 77 62
-0.366142 -0.0189527 -0.0464849 76 79 59
-0.364766 -0.0171903 -0.0447025 73 82 60
-0.362963 -0.0154764 -0.042365 71 82 65
-0.361183 -0.0137852 -0.0400587 100 104 82
-0.359857 -0.01208 -0.0383408 82 80 71
-0.357695 -0.0104688 -0.0355373 116 108 86
-0.356822 -0.00876054 -0.0344092 116 104 79
-0.356373 -0.00701931 -0.0338316 86 109 95
-0.355926 -0.00528354 -0.0332559 78 81 59
-0.355896 -0.00350356 -0.0332232 93 94 74
-0.35797 -0.00145809 -0.0359234 230 203 111
-0.360077 0.000621683 -0.0386685 218 172 103
-0.362659 0.00279812 -0.0420302 249 213 120
-0.367556 0.00535208 -0.0484012 255 192 114
-0.369827 0.00757052 -0.0513583 238 166 121
-0.374519 0.0102118 -0.0574635 235 194 148
-0.381892 0.0133704 -0.0670526 175 148 136
-0.385453 0.0159655 -0.071688 184 179 112
-0.390716 0.0189214 -0.0785356 160 173 126
-0.39562 0.021884 -0.0849164 223 202 159
-0.402436 0.0252916 -0.0937832 219 190 185
-0.378218 -0.0337145 -0.0653043 108 81 65
-0.3772 -0.0317842 -0.063976 83 88 61
-0.376188 -0.0298673 -0.0626572 81 86 61
-0.375184 -0.0279637 -0.0613477 81 84 62
-0.373228 -0.0261005 -0.058791 86 85 60
-0.371772 -0.0242463 -0.0568882 79 87 68
-0.37033 -0.0224112 -0.0550053 100 115 87
-0.367981 -0.0206404 -0.051933 86 79 60
-0.366125 -0.018874 -0.0495062 76 82 58
-0.364742 -0.0171029 -0.0476994 73 82 60
-0.362929 -0.0153807 -0.0453299 72 82 70
-0.361141 -0.0136815 -0.0429922 108 118 92
-0.359808 -0.0119681 -0.0412512 88 81 70
-0.357636 -0.0103496 -0.0384097 113 116 89
-0.356759 -0.00863318 -0.0372666 127 115 79
-0.356308 -0.0068834 -0.0366815 88 98 78
-0.355858 -0.00513909 -0.0360983 78 83 59
-0.355828 -0.00335016 -0.0360657 111 103 75
-0.360059 -0.00102073 -0.0416192 218 212 116
-0.362213 0.00109092 -0.0444494 225 182 106
-0.366207 0.00349292 -0.0496932 252 209 121
-0.369859 0.00590124 -0.054488 240 184 117
-0.371707 0.00808225 -0.0569184 225 187 139
-0.376002 0.0106865 -0.0625571 178 144 127
-0.383496 0.0138928 -0.0723906 176 137 108
-0.387647 0.0166169 -0.0778414 188 176 115
-0.391923 0.0194233 -0.0834561 161 167 138
-0.397461 0.0225309 -0.090726 223 206 172
-0.404401 0.025994 -0.0998339 232 157 156
-0.378765 -0.0337125 -0.0692377 108 78 67
-0.377737 -0.0317682 -0.0678859 82 85 60
-0.376716 -0.0298375 -0.0665438 81 86 59
-0.375703 -0.0279203 -0.0652112 78 86 61
-0.373729 -0.0260441 -0.0626093 81 86 61
-0.37226 -0.024177 -0.0606731 82 87 68
-0.370805 -0.0223291 -0.0587572 107 114 84
-0.368436 -0.0205467 -0.0556312 86 80 58
-0.366564 -0.0187686 -0.0531624 76 83 56
-0.365169 -0.0169857 -0.0513245 74 83 60
-0.363341 -0.0152525 -0.0489143 77 84 69
-0.361538 -0.0135424 -0.0465367 98 119 91
-0.359759 -0.011855 -0.044191 87 81 69
-0.358004 -0.0101899 -0.0418766 100 120 92
-0.35712 -0.0084624 -0.0407144 121 107 82
-0.356241 -0.0067461 -0.03956 89 89 72
-0.356211 -0.00494541 -0.0395272 77 83 62
-0.356604 -0.00309352 -0.0400541 137 116 76
-0.358711 -0.00101694 -0.0428477 219 216 119
-0.360853 0.00109492 -0.0456883 250 209 116
-0.367104 0.0038198 -0.0539649 250 191 119
-0.369391 0.00604427 -0.0569964 231 173 122
-0.372672 0.00845687 -0.0613444 174 141 119
-0.378013 0.0112523 -0.0684185 166 136 107
-0.38409 0.0142493 -0.0764653 164 184 116
-0.388281 0.0169992 -0.0820176 173 179 117
-0.392599 0.0198328 -0.0877382 157 169 152
-0.398193 0.0229725 -0.095147 209 214 204
-0.404604 0.0263546 -0.103638 213 214 177
-0.379319 -0.0337105 -0.0732284 111 79 65
-0.378281 -0.031752 -0.0718526 81 85 62
-0.376755 -0.0298146 -0.069825 79 88 58
-0.376228 -0.0278763 -0.0691304 81 88 61
-0.373752 -0.0260008 -0.0658347 79 84 63
-0.371796 -0.0241411 -0.063233 80 84 65
-0.370339 -0.0222868 -0.0612971 87 84 63
-0.36843 -0.020475 -0.0587587 79 83 60
-0.366548 -0.018688 -0.0562555 76 82 59
-0.364692 -0.0169253 -0.0537867 75 84 59
-0.362861 -0.0151864 -0.0513515 81 85 66
-0.361496 -0.0134362 -0.0495385 101 118 81
-0.360146 -0.0117035 -0.0477439 92 85 68
-0.357945 -0.0100679 -0.0448149 104 120 96
-0.357057 -0.00833204 -0.0436372 113 109 78
-0.356599 -0.00656201 -0.0430349 89 84 61
-0.356569 -0.00474915 -0.0430019 79 84 64
-0.356965 -0.0028844 -0.0435382 175 132 80
-0.359524 -0.000736135 -0.0469608 240 220 121
-0.361691 0.00139624 -0.0498607 255 200 118
-0.368017 0.00415241 -0.0583112 247 166 117
-0.371281 0.00654152 -0.0626755 183 154 129
-0.374627 0.0089907 -0.0671489 163 140 106
-0.379063 0.0116668 -0.0730777 161 183 114
-0.38681 0.0149727 -0.083426 181 155 111
-0.389467 0.0174837 -0.0869805 174 165 118
-0.393844 0.020352 -0.0928318 157 172 155
-0.398936 0.0234209 -0.099637 199 228 205
-0.379372 -0.0337088 -0.076594 109 81 66
-0.378833 -0.0317355 -0.0758771 81 86 62
-0.377293 -0.029784 -0.0738132 83 84 59
-0.376265 -0.0278425 -0.0724378 82 85 59
-0.373774 -0.0259571 -0.069095 77 83 61
-0.371328 -0.0241049 -0.0658113 80 85 61
-0.369396 -0.0222645 -0.063219 78 84 61
-0.367491 -0.0204496 -0.0606629 76 84 62
-0.365612 -0.0186595 -0.0581422 76 83 60
-0.364212 -0.0168645 -0.056266 78 82 58
-0.362378 -0.0151199 -0.0538057 89 88 62
-0.361454 -0.0133289 -0.0525713 99 117 83
-0.360097 -0.0115877 -0.0507522 100 93 70
-0.358318 -0.0099044 -0.0483663 97 117 105
-0.357423 -0.00815724 -0.0471689 119 127 93
-0.356962 -0.00637546 -0.0465566 94 83 59
-0.356931 -0.00455026 -0.0465235 78 88 68
-0.357762 -0.00261996 -0.0476505 207 155 94
-0.360793 -0.000393629 -0.051739 250 210 121
-0.362993 0.00176386 -0.05471 242 179 112
-0.368946 0.00449082 -0.0627342 235 178 123
-0.372734 0.00697829 -0.0678435 167 154 106
-0.376632 0.009538 -0.0731006 158 183 114
-0.381158 0.0122578 -0.0792043 178 150 111
-0.389067 0.0156244 -0.0898634 196 163 116
-0.392336 0.0182749 -0.0942755 175 171 121
-0.396253 0.0210935 -0.0995591 154 174 143
-0.402051 0.0243329 -0.107377 175 183 178
-0.379937 -0.0337067 -0.0806904 111 85 69
-0.378884 -0.0317228 -0.0792699 84 89 62
-0.377335 -0.0297605 -0.0771763 82 87 61
-0.376301 -0.0278083 -0.0757813 82 88 62
-0.373797 -0.0259129 -0.0723905 80 87 62
-0.370857 -0.0240685 -0.0684081 80 86 59
-0.368921 -0.0222217 -0.0657885 77 84 61
-0.367013 -0.0204005 -0.0632055 77 83 61
-0.36513 -0.0186044 -0.0606585 75 82 59
-0.363728 -0.0168033 -0.0587628 76 84 58
-0.361891 -0.015053 -0.056277 97 93 64
-0.360966 -0.0132559 -0.05503 97 113 86
-0.359606 -0.011509 -0.0531922 108 97 73
-0.35826 -0.00977956 -0.051373 97 116 106
-0.35736 -0.0080238 -0.0501594 117 127 96
-0.357329 -0.00618638 -0.0501262 93 80 57
-0.357298 -0.00434869 -0.050093 81 87 68
-0.358136 -0.00240442 -0.0512397 221 166 94
-0.361191 -0.000160088 -0.0553995 249 184 109
-0.364779 0.00220174 -0.0602825 242 172 109
-0.371329 0.00504219 -0.069189 222 194 118
-0.376201 0.00772422 -0.0758178 183 146 106
-0.381773 0.0105879 -0.0833966 209 175 114
-0.385425 0.0132149 -0.0883689 183 180 117
-0.3925 0.0164865 -0.0979908 192 161 112
-0.397019 0.0194009 -0.10414 172 169 123
-0.399313 0.021965 -0.107268 185 176 132
-0.403444 0.0249201 -0.112891 209 183 151
-0.380511 -0.0337046 -0.0848477 111 85 69
-0.379961 -0.0317019 -0.0841052 86 91 62
-0.377884 -0.0297292 -0.0812699 83 86 60
-0.377344 -0.0277515 -0.0805407 81 86 61
-0.374808 -0.0258393 -0.0770763 80 85 60
-0.371346 -0.0239966 -0.0723441 79 86 59
-0.368917 -0.0221578 -0.069026 77 83 58
-0.366998 -0.0203273 -0.0664067 78 84 60
-0.365106 -0.0185221 -0.063824 79 82 57
-0.36324 -0.0167417 -0.0612772 76 86 61
-0.3614 -0.0149856 -0.0587655 105 93 66
-0.360474 -0.0131824 -0.0575057 98 119 87
-0.359554 -0.0113913 -0.0562547 111 98 72
-0.35864 -0.00961212 -0.055012 93 110 98
-0.357296 -0.00788897 -0.0531806 107 114 91
-0.357265 -0.00604203 -0.0531473 90 81 59
-0.35767 -0.00414435 -0.0537112 86 89 71
-0.358954 -0.00213182 -0.0554815 223 160 93
-0.362046 0.000135435 -0.0597287 243 167 109
-0.364752 0.00239506 -0.0634471 200 188 123
-0.371821 0.00532606 -0.0731462 172 143 104
-0.382923 0.00897287 -0.0883725 153 143 106
-0.389908 0.0121259 -0.0979578 207 158 110
-0.393799 0.0148658 -0.103302 181 175 117
-0.396633 0.0174795 -0.107198 176 178 119
-0.398933 0.0200384 -0.110362 161 161 122
-0.40127 0.0226385 -0.113577 187 167 138
-0.381092 -0.0337025 -0.0890671 108 82 65
-0.380537 -0.0316848 -0.0883114 82 89 61
-0.378953 -0.0296897 -0.086133 85 86 59
-0.378406 -0.0276936 -0.0853882 84 88 61
-0.375335 -0.0257791 -0.0811547 83 86 59
-0.371842 -0.0239237 -0.0763371 80 85 58
-0.368913 -0.0220933 -0.0722984 78 84 60
-0.366984 -0.0202533 -0.0696421 76 84 60
-0.365081 -0.0184389 -0.0670232 78 84 59
-0.363206 -0.0166496 -0.0644407 78 84 60
-0.361356 -0.0148848 -0.0618941 116 97 70
-0.360425 -0.0130725 -0.0606172 91 102 86
-0.3595 -0.0112723 -0.059349 113 98 69
-0.358582 -0.00948425 -0.0580895 101 108 86
-0.35767 -0.00770816 -0.0568386 97 108 90
-0.3572 -0.00589623 -0.0561997 84 83 60
-0.358046 -0.00393723 -0.0573793 89 92 75
-0.359341 -0.00190958 -0.0591807 223 161 104
-0.362916 0.000436109 -0.0641337 236 178 123
-0.366591 0.0028485 -0.069227 195 142 106
-0.373801 0.00582934 -0.0792072 153 159 111
-0.387848 0.00996069 -0.0986444 167 141 107
-0.392267 0.0127562 -0.104768 206 149 113
-0.396244 0.0155428 -0.11028 172 150 114
-0.399142 0.0181997 -0.1143 187 174 121
-0.402098 0.0209103 -0.1184 162 154 123
-0.381156 -0.0337007 -0.0926173 107 85 66
-0.380598 -0.0316714 -0.0918507 83 88 60
-0.379004 -0.0296651 -0.0896405 85 87 60
-0.37897 -0.0276463 -0.0896043 84 86 59
-0.37587 -0.025718 -0.0852933 81 86 60
-0.372345 -0.0238497 -0.0803882 80 87 59
-0.369389 -0.0220068 -0.076277 80 86 59
-0.367443 -0.0201542 -0.0735735 79 83 60
-0.365524 -0.0183275 -0.0709083 78 84 59
-0.363632 -0.0165262 -0.0682805 77 83 56
-0.361766 -0.0147497 -0.0656894 90 88 61
-0.360376 -0.0129614 -0.0637612 78 88 68
-0.359446 -0.0111522 -0.0624757 112 109 77
-0.358523 -0.0093551 -0.061199 107 107 86
-0.357607 -0.00757009 -0.059931 91 113 93
-0.357575 -0.0057006 -0.0598975 80 84 63
-0.358427 -0.00372725 -0.0610981 109 95 84
-0.360634 -0.00157236 -0.064187 228 178 123
-0.365196 0.000925809 -0.0705632 227 178 117
-0.379454 0.00483936 -0.0904689 173 181 107
-0.385253 0.00772433 -0.0985715 137 147 107
-0.390174 0.0105602 -0.105451 184 174 115
-0.394114 0.013311 -0.110961 209 151 114
-0.398757 0.0162387 -0.117453 202 170 117
-0.400514 0.0187282 -0.119917 170 152 123
-0.403514 0.0214719 -0.124116 148 155 139
-0.381749 -0.0336985 -0.0969516 108 85 67
-0.381186 -0.0316538 -0.0961712 83 88 61
-0.379577 -0.0296323 -0.0939203 84 88 62
-0.379542 -0.0275982 -0.0938839 84 87 62
-0.376413 -0.025656 -0.0894935 83 88 62
-0.372855 -0.0237747 -0.0844989 82 87 60
-0.369872 -0.021919 -0.0803135 80 85 60
-0.367908 -0.0200536 -0.0775616 79 84 60
-0.365972 -0.0182144 -0.074849 77 83 60
-0.363598 -0.0164318 -0.0715208 76 85 59
-0.362181 -0.0146127 -0.0695383 77 84 59
-0.360779 -0.0128125 -0.0675765 77 82 63
-0.359842 -0.010991 -0.0662688 107 102 76
-0.358911 -0.00918179 -0.0649702 93 102 81
-0.358432 -0.00733896 -0.0643073 77 95 84
-0.357954 -0.00550226 -0.0636468 81 87 61
-0.359262 -0.00346155 -0.0655 125 107 88
-0.361953 -0.00122801 -0.069299 202 189 135
-0.366587 0.00130332 -0.0758353 200 178 103
-0.380556 0.00520829 -0.0955124 206 157 100
-0.386433 0.00812899 -0.1038 152 140 108
-0.390291 0.010825 -0.109245 196 178 117
-0.394837 0.01369 -0.115658 211 148 114
-0.39893 0.0165461 -0.121434 178 142 120
-0.400093 0.0189461 -0.123086 172 153 143
-0.403101 0.0217033 -0.127334 195 212 182
-0.40617 0.0245176 -0.13167 235 229 193
-0.382351 -0.0336963 -0.101352 110 85 69
-0.381782 -0.0316359 -0.100558 85 89 64
-0.380158 -0.0295991 -0.0982649 84 89 62
-0.379597 -0.0275613 -0.0974821 84 87 62
-0.376964 -0.0255931 -0.0937566 83 84 60
-0.372871 -0.0237172 -0.0879595 82 87 61
-0.369872 -0.0218519 -0.0837136 81 86 60
-0.367897 -0.0199766 -0.0809224 78 84 60
-0.365951 -0.0181279 -0.0781713 77 88 61
-0.363565 -0.0163365 -0.0747959 77 87 64
-0.36214 -0.0145081 -0.0727856 92 100 75
-0.361188 -0.0126615 -0.0714458 82 83 65
-0.360242 -0.0108275 -0.0701154 85 86 67
-0.359303 -0.00900606 -0.0687943 80 87 63
-0.35882 -0.00715051 -0.0681203 77 86 62
-0.359238 -0.00520128 -0.0687265 80 87 65
-0.360567 -0.0031373 -0.070626 164 117 90
-0.3633 -0.000876317 -0.0745203 161 141 124
-0.367047 0.00156088 -0.0798553 202 179 103
-0.380615 0.0054348 -0.0991418 216 168 104
-0.385976 0.0082959 -0.106772 156 144 105
-0.389843 0.011005 -0.112279 202 163 114
-0.393818 0.0137896 -0.117939 193 148 120
-0.397904 0.0166531 -0.123758 175 152 141
-0.401494 0.0194897 -0.128873 202 213 188
-0.404547 0.0222811 -0.133225 213 217 193
-0.407027 0.0250085 -0.136763 235 224 182
-0.382962 -0.0336941 -0.10582 110 88 70
-0.381851 -0.031622 -0.104242 86 91 65
-0.380217 -0.0295735 -0.101915 84 89 61
-0.379652 -0.027524 -0.101121 82 87 62
-0.377003 -0.0255449 -0.0973409 81 86 61
-0.372888 -0.0236591 -0.0914588 79 86 62
-0.370364 -0.0217619 -0.0878567 80 85 61
-0.368371 -0.0198735 -0.0850152 79 84 61
-0.365929 -0.0180405 -0.0815296 77 85 63
-0.364 -0.0162086 -0.0787791 88 90 72
-0.362563 -0.0143677 -0.0767334 122 135 105
-0.361602 -0.0125082 -0.0753701 93 99 85
-0.36019 -0.0107026 -0.0733604 93 111 86
-0.359701 -0.00882786 -0.0726725 80 87 72
-0.359668 -0.00691203 -0.0726385 76 86 64
-0.359635 -0.00499594 -0.0726044 79 87 68
-0.361436 -0.00286121 -0.0751987 133 115 89
-0.364675 -0.00051705 -0.0798543 132 129 102
-0.368483 0.00195223 -0.0853255 188 184 103
-0.380674 0.00566388 -0.102813 195 197 113
-0.385516 0.00846413 -0.109767 153 141 111
-0.389391 0.0111864 -0.115337 206 176 113
-0.392794 0.0138897 -0.120229 186 179 131
-0.396874 0.0167605 -0.126093 205 215 180
-0.401686 0.0198236 -0.133006 224 198 185
-0.382496 -0.0336925 -0.108787 107 86 68
-0.38192 -0.0316079 -0.107969 86 91 66
-0.380276 -0.0295476 -0.105608 86 90 64
-0.379708 -0.0274863 -0.104803 83 90 66
-0.377043 -0.0254961 -0.100966 83 86 61
-0.37341 -0.0235813 -0.0957292 81 87 64
-0.370863 -0.0216706 -0.0920613 80 86 62
-0.368852 -0.0197688 -0.0891682 77 84 61
-0.366387 -0.0179233 -0.0856197 78 84 60
-0.364441 -0.0160788 -0.08282 84 91 72
-0.362991 -0.0142252 -0.0807379 112 126 105
-0.362022 -0.0123529 -0.0793508 89 98 100
-0.36106 -0.0104936 -0.0779735 119 143 112
-0.360564 -0.00860235 -0.0772714 124 133 99
-0.360071 -0.00671755 -0.0765718 91 85 65
-0.360498 -0.00473604 -0.0772029 79 88 77
-0.362321 -0.00258017 -0.0798534 108 122 102
-0.365122 -0.000271876 -0.0839184 132 136 101
-0.368474 0.00215319 -0.0887797 198 174 106
-0.379667 0.00574387 -0.104983 213 180 110
-0.385051 0.00863364 -0.112786 180 139 108
-0.388369 0.0112801 -0.1176 192 172 121
-0.391766 0.0139902 -0.122529 210 199 159
-0.396436 0.0169711 -0.1293 227 204 183
-0.383114 -0.0336902 -0.113365 106 86 68
-0.381989 -0.0315937 -0.11174 89 89 65
-0.380872 -0.0295131 -0.110127 90 92 70
-0.380299 -0.0274358 -0.109307 103 103 82
-0.377084 -0.0254468 -0.104633 90 92 66
-0.373941 -0.0235022 -0.100064 83 86 63
-0.371369 -0.0215779 -0.0963286 80 87 59
-0.368845 -0.0196887 -0.092662 79 86 58
-0.366852 -0.0178044 -0.0897699 77 83 59
-0.36441 -0.0159796 -0.0862225 82 89 69
-0.363425 -0.0140808 -0.0848006 96 111 96
-0.361978 -0.0122342 -0.0827042 102 103 85
-0.361011 -0.0103651 -0.0813077 127 134 120
-0.360513 -0.00846381 -0.0805959 127 137 105
-0.360479 -0.00652029 -0.0805616 93 84 65
-0.36091 -0.00452404 -0.0812044 79 89 73
-0.362278 -0.00240762 -0.083216 106 123 89
-0.365575 -2.31587e-05 -0.0880419 158 147 105
-0.368464 0.00235639 -0.0922723 210 171 110
-0.377597 0.00567293 -0.105617 193 155 111
-0.382385 0.00847371 -0.11262 162 151 114
-0.386217 0.0111965 -0.11823 194 166 147
-0.390733 0.014091 -0.124838 222 204 183
-0.382642 -0.0336885 -0.116397 106 86 67
-0.382059 -0.0315793 -0.115555 85 89 65
-0.380395 -0.0294949 -0.113123 90 92 73
-0.37982 -0.0274095 -0.112293 103 121 92
-0.376598 -0.025413 -0.107568 99 109 81
-0.373963 -0.0234417 -0.103705 96 95 69
-0.371376 -0.021507 -0.0999149 82 87 63
-0.368838 -0.0196078 -0.0961948 79 85 61
-0.366834 -0.0177135 -0.0932609 79 84 61
-0.364859 -0.0158466 -0.0903698 82 90 68
-0.363389 -0.0139704 -0.0882204 82 101 89
-0.361934 -0.0121142 -0.0860942 101 114 89
-0.36143 -0.0101927 -0.0853676 132 130 113
-0.360927 -0.00827788 -0.0846435 107 121 89
-0.360893 -0.00632016 -0.084609 83 87 66
-0.361797 -0.00425567 -0.0859557 77 90 72
-0.362708 -0.00217591 -0.0873122 110 123 90
-0.366034 0.000229233 -0.0922262 193 138 98
-0.368949 0.00262941 -0.0965347 223 181 111
-0.376058 0.00567746 -0.10702 170 147 117
-0.380819 0.00847852 -0.114047 156 153 134
-0.384629 0.0112015 -0.119676 207 209 179
-0.383269 -0.0336862 -0.121089 104 88 66
-0.382129 -0.0315648 -0.119415 85 89 65
-0.380455 -0.0294681 -0.116946 90 93 74
-0.379337 -0.027383 -0.115304 99 119 96
-0.376635 -0.0253627 -0.111308 94 108 85
-0.373984 -0.0233805 -0.107388 97 106 80
-0.371383 -0.0214352 -0.103542 98 98 75
-0.368831 -0.0195259 -0.0997673 89 91 65
-0.366816 -0.0176215 -0.0967909 80 86 63
-0.364347 -0.015778 -0.0931403 80 85 62
-0.363351 -0.0138587 -0.0916778 80 89 68
-0.362363 -0.0119531 -0.090226 93 99 81
-0.361854 -0.0100178 -0.0894866 130 116 93
-0.361347 -0.00808922 -0.08875 101 109 74
-0.361785 -0.00606678 -0.0894172 82 86 62
-0.362701 -0.00398238 -0.0907938 82 91 73
-0.364104 -0.00182385 -0.0928951 114 126 93
-0.366992 0.000548968 -0.0972031 197 159 106
-0.369442 0.00290653 -0.100861 224 191 117
-0.374519 0.00568198 -0.108422 167 167 128
-0.379252 0.00848331 -0.115474 197 193 159
-0.383042 0.0112066 -0.121123 228 198 174
-0.382791 -0.0336845 -0.124187 104 87 68
-0.3822 -0.0315501 -0.12332 89 90 65
-0.380516 -0.029441 -0.120814 89 92 74
-0.379391 -0.0273436 -0.119147 97 117 95
-0.376673 -0.0253119 -0.115092 93 108 85
-0.374528 -0.0232984 -0.111896 98 113 89
-0.37139 -0.0213627 -0.10721 101 109 80
-0.369326 -0.0194161 -0.104133 103 109 79
-0.367292 -0.0174981 -0.101102 103 92 68
-0.3648 -0.015642 -0.0973851 87 86 63
-0.363795 -0.0137089 -0.0958964 81 86 62
-0.362798 -0.0117897 -0.0944185 84 91 65
-0.362763 -0.00979635 -0.0943836 124 104 74
-0.362728 -0.00780269 -0.0943487 110 112 70
-0.363174 -0.00575731 -0.0950336 86 86 62
-0.36459 -0.00359277 -0.0971739 87 95 72
-0.365531 -0.00146398 -0.0986023 117 131 96
-0.367469 0.000809859 -0.101527 194 151 108
-0.370959 0.00332791 -0.106778 201 152 117
-0.374019 0.00583776 -0.111385 193 165 143
-0.378223 0.00857035 -0.117708 218 207 184
-0.383426 -0.0336821 -0.128998 104 86 68
-0.382272 -0.0315351 -0.127272 89 90 64
-0.380577 -0.0294136 -0.124728 87 93 73
-0.379445 -0.0273038 -0.123036 92 111 95
-0.376711 -0.0252604 -0.11892 93 110 94
-0.374553 -0.0232355 -0.115676 100 124 100
-0.371912 -0.0212653 -0.1117 101 110 89
-0.369828 -0.0193046 -0.108566 105 112 86
-0.367774 -0.0173729 -0.105479 114 105 77
-0.365752 -0.0154697 -0.102438 111 106 74
-0.364734 -0.0135191 -0.100916 105 86 62
-0.363724 -0.0115827 -0.0994065 88 88 63
-0.363689 -0.00957078 -0.0993713 98 87 66
-0.363654 -0.00755855 -0.0993361 94 91 65
-0.364105 -0.00549356 -0.100037 84 87 62
-0.365539 -0.00330721 -0.102225 93 99 72
-0.366492 -0.00115727 -0.103686 123 135 99
-0.368456 0.00114047 -0.106676 185 172 111
-0.370962 0.00354437 -0.110487 198 184 130
-0.374566 0.00614834 -0.11596 221 211 174
-0.382943 -0.0336804 -0.132165 103 86 68
-0.381786 -0.0315248 -0.13042 87 91 64
-0.380638 -0.0293858 -0.128689 87 93 67
-0.3795 -0.0272635 -0.126972 90 97 77
-0.377287 -0.0251914 -0.123615 96 111 94
-0.375641 -0.0231304 -0.121122 100 113 95
-0.372963 -0.0211421 -0.117055 101 105 90
-0.370851 -0.0191634 -0.11385 96 111 86
-0.36877 -0.0172143 -0.110694 104 110 79
-0.366721 -0.0152942 -0.107585 112 111 81
-0.36569 -0.0133259 -0.106031 119 102 76
-0.364667 -0.0113719 -0.104488 117 104 72
-0.364631 -0.00934101 -0.104452 103 90 67
-0.364596 -0.00730979 -0.104417 87 88 68
-0.365053 -0.00522488 -0.105134 82 89 63
-0.366007 -0.00307417 -0.106611 100 105 76
-0.366969 -0.000906968 -0.108099 126 140 102
-0.368952 0.00141031 -0.111146 174 188 115
-0.371481 0.0038354 -0.115029 212 197 144
-0.37512 0.00646376 -0.120606 231 203 183
-0.383019 -0.0336783 -0.136226 103 86 67
-0.381855 -0.0315096 -0.134455 85 90 65
-0.380145 -0.0293667 -0.131843 85 91 63
-0.379004 -0.0272358 -0.130106 91 92 69
-0.377328 -0.0251386 -0.127546 93 113 92
-0.375672 -0.0230656 -0.125015 94 105 91
-0.373506 -0.0210414 -0.1217 96 111 88
-0.371373 -0.019048 -0.118435 96 113 88
-0.369272 -0.0170847 -0.115219 98 115 90
-0.367709 -0.0151154 -0.112831 98 111 87
-0.366163 -0.013168 -0.11047 105 109 85
-0.365627 -0.0111571 -0.109665 120 109 79
-0.365591 -0.00910692 -0.109629 126 112 81
-0.365555 -0.00705638 -0.109594 92 101 87
-0.366018 -0.00495111 -0.110327 83 89 66
-0.366483 -0.0028376 -0.111063 109 111 81
-0.368469 -0.000526311 -0.114144 145 135 102
-0.369455 0.00168426 -0.115684 177 199 129
-0.373059 0.00427822 -0.12126 222 216 172
-0.383096 -0.0336762 -0.140336 101 85 68
-0.381925 -0.0314942 -0.138538 83 89 65
-0.380204 -0.0293384 -0.135886 83 90 65
-0.379056 -0.0271947 -0.134124 92 94 71
-0.37737 -0.0250851 -0.131524 97 124 95
-0.375703 -0.023 -0.128956 95 108 92
-0.373524 -0.0209642 -0.12559 90 112 91
-0.371902 -0.0189308 -0.12309 93 105 90
-0.369781 -0.0169532 -0.119815 95 114 95
-0.368203 -0.0149693 -0.117382 94 112 95
-0.366643 -0.0130078 -0.114977 103 114 89
-0.366102 -0.0109817 -0.114157 117 113 84
-0.366065 -0.00891578 -0.114121 137 116 85
-0.366029 -0.00684953 -0.114086 95 102 88
-0.366496 -0.00472767 -0.114833 86 89 70
-0.367473 -0.00253774 -0.116373 112 114 86
-0.36897 -0.000266366 -0.118723 142 135 109
-0.370485 0.00203163 -0.1211 197 182 140
-0.373605 0.00458065 -0.125975 223 191 176
-0.382603 -0.0336744 -0.143601 107 94 73
-0.381429 -0.0314834 -0.141783 85 88 63
-0.379704 -0.0293189 -0.139101 82 90 65
-0.378553 -0.0271665 -0.137319 92 93 70
-0.376863 -0.0250485 -0.13469 97 116 92
-0.375735 -0.0229336 -0.132943 94 107 92
-0.373542 -0.0208862 -0.129526 91 114 91
-0.371911 -0.0188412 -0.126989 89 103 92
-0.370298 -0.0168196 -0.124481 95 118 98
-0.368705 -0.014821 -0.122003 96 121 101
-0.367129 -0.0128452 -0.119553 103 119 95
-0.366583 -0.0108037 -0.118718 113 112 89
-0.367055 -0.00867358 -0.119481 126 111 85
-0.367018 -0.00658732 -0.119445 92 96 77
-0.366981 -0.00450077 -0.119409 86 91 72
-0.367967 -0.00229296 -0.120978 113 120 91
-0.369479 -2.37492e-06 -0.123373 138 146 128
-0.371008 0.00231524 -0.125796 211 205 169
-0.380928 -0.0314726 -0.145054 102 99 74
-0.3792 -0.0292992 -0.142342 87 92 69
-0.378046 -0.0271381 -0.140539 92 96 73
-0.376352 -0.0250116 -0.137881 98 108 90
-0.375221 -0.0228883 -0.136114 98 111 89
-0.37356 -0.0208073 -0.133508 98 114 88
-0.371919 -0.0187505 -0.130933 95 108 95
-0.370297 -0.0167174 -0.128388 94 114 99
-0.368694 -0.0147076 -0.125873 96 117 100
-0.367623 -0.01268 -0.1242 99 108 96
-0.367072 -0.0106229 -0.12335 110 112 91
-0.367035 -0.00852471 -0.123314 120 106 84
-0.366997 -0.00642623 -0.123278 93 92 68
-0.367473 -0.0042704 -0.124055 86 92 74
-0.368469 -0.00204436 -0.125655 116 128 100
-0.369995 0.000265701 -0.128096 178 163 143
-0.37207 0.00267491 -0.131407 216 192 173
-0.378131 -0.0292886 -0.144715 114 108 83
-0.376979 -0.027123 -0.142899 97 100 79
-0.375288 -0.0249921 -0.140222 96 102 86
-0.374159 -0.0228645 -0.138442 101 109 84
-0.373039 -0.0207534 -0.136677 99 112 87
-0.371394 -0.0186886 -0.134073 101 103 90
-0.369769 -0.0166477 -0.131499 95 113 96
-0.368683 -0.0145929 -0.129788 94 112 99
-0.367606 -0.0125537 -0.128091 96 110 101
-0.367051 -0.0104847 -0.127229 107 118 92
-0.367014 -0.00837411 -0.127192 115 109 84
-0.367492 -0.00620964 -0.127982 93 90 65
-0.367973 -0.00403642 -0.128774 87 95 76
-0.368456 -0.0018544 -0.129569 122 136 116
-0.369991 0.000470557 -0.132048 205 195 164
-0.375356 -0.0271214 -0.144379 125 118 93
-0.374219 -0.0249726 -0.142572 111 107 84
-0.373092 -0.0228406 -0.14078 100 103 79
-0.371974 -0.0207253 -0.139001 99 107 85
-0.370864 -0.0186263 -0.137237 100 110 88
-0.369236 -0.0165775 -0.134635 97 107 91
-0.368148 -0.0145147 -0.132905 101 108 89
-0.367068 -0.0124677 -0.131189 96 112 96
-0.366513 -0.0103906 -0.130317 102 113 91
-0.366475 -0.00827167 -0.130281 102 112 91
-0.366954 -0.00609834 -0.13108 90 90 66
-0.367435 -0.00391622 -0.131881 92 99 81
-0.367919 -0.00172524 -0.132686 159 151 132
-0.369456 0.000609834 -0.135193 211 193 175
-0.372021 -0.0228167 -0.143126 123 113 88
-0.370904 -0.020697 -0.141335 108 107 82
-0.369797 -0.0185938 -0.139559 97 109 84
-0.368171 -0.016541 -0.136938 104 105 86
-0.367085 -0.0144741 -0.135196 108 108 84
-0.366526 -0.012381 -0.134312 97 112 90
-0.365969 -0.0102958 -0.133431 94 108 92
-0.365931 -0.00816841 -0.133394 98 108 91
-0.365893 -0.00604063 -0.133358 89 90 68
-0.366373 -0.00385393 -0.134166 100 106 95
-0.367377 -0.00159506 -0.135828 200 182 153
-0.369448 0.000818786 -0.139227 221 180 153
-0.369831 -0.0206686 -0.143679 136 126 93
-0.368725 -0.0185611 -0.14189 118 110 87
-0.367628 -0.01647 -0.140114 108 105 82
-0.36654 -0.014395 -0.138353 109 105 81
-0.36546 -0.012336 -0.136605 103 113 86
-0.364904 -0.0102466 -0.135718 92 111 90
-0.364866 -0.0081148 -0.135682 94 103 89
-0.365345 -0.00592802 -0.136496 89 91 70
-0.365825 -0.00373229 -0.137313 127 120 114
-0.367357 -0.00139983 -0.139858 208 201 178
-0.366029 -0.0164674 -0.141572 126 119 93
-0.364947 -0.0143923 -0.139805 119 108 82
-0.364908 -0.0122483 -0.139768 105 109 80
-0.363835 -0.0101972 -0.138015 99 108 85
-0.364312 -0.00801032 -0.138835 92 103 85
-0.364274 -0.00586961 -0.138799 87 93 73
-0.367335 -0.00120223 -0.143936 196 187 177
-0.36439 -0.0143126 -0.142993 142 128 97
-0.363832 -0.0122027 -0.142087 120 116 90
-0.363276 -0.0101009 -0.141184 115 107 83
-0.363237 -0.00795613 -0.141148 95 99 79
-0.363715 -0.00575567 -0.141978 84 94 85
-0.362673 -0.00785038 -0.144342 119 112 92
-0.363672 -0.0055848 -0.146061 103 107 102
