-0.435152 -0.00551126 -0.0863884 179 178 119
-0.433125 -0.00352192 -0.0840546 161 166 109
-0.431122 -0.00155583 -0.0817486 169 173 111
-0.432916 -0.00773129 -0.087124 164 165 109
-0.430906 -0.00573278 -0.0847907 150 161 72
-0.42892 -0.00375763 -0.0824849 180 154 65
-0.426957 -0.00180538 -0.0802062 185 162 72
-0.424387 5.81916e-05 -0.0772227 169 165 94
-0.422477 0.00196247 -0.0750055 179 174 119
-0.431381 -0.0120613 -0.0886679 177 181 120
-0.430033 -0.00999011 -0.0870896 154 157 92
-0.428695 -0.00793499 -0.0855238 157 157 65
-0.426726 -0.00595082 -0.0832183 195 161 56
-0.424148 -0.004048 -0.0801998 217 164 50
-0.421609 -0.00217436 -0.077228 218 166 50
-0.419723 -0.000264645 -0.0750194 208 165 58
-0.417858 0.00162344 -0.0728361 185 162 74
-0.417219 0.00363312 -0.0720877 169 169 101
-0.429156 -0.0142639 -0.0893976 167 168 109
-0.427819 -0.0121882 -0.0878196 146 159 77
-0.426493 -0.0101286 -0.086254 178 150 60
-0.425178 -0.00808484 -0.0847009 208 162 50
-0.422611 -0.00616545 -0.0816708 221 165 48
-0.420085 -0.00427553 -0.0786877 226 164 45
-0.417597 -0.00241437 -0.0757506 226 167 47
-0.415748 -0.000517688 -0.0735674 227 170 51
-0.41392 0.00135767 -0.0714091 219 174 55
-0.413293 0.00335279 -0.0706692 206 164 66
-0.41326 0.00541503 -0.0706303 173 166 90
-0.41382 0.00755618 -0.0712922 174 174 117
-0.426293 -0.0164924 -0.0893542 163 158 98
-0.425615 -0.0143777 -0.0885467 145 159 68
-0.4243 -0.0123136 -0.0869815 189 155 58
-0.422364 -0.0103117 -0.0846767 217 165 49
-0.421075 -0.00828299 -0.0831419 227 167 50
-0.419177 -0.00632338 -0.0808819 227 170 50
-0.416084 -0.00449956 -0.0771992 229 167 48
-0.414243 -0.00259102 -0.0750079 230 172 50
-0.412424 -0.000703962 -0.0728415 228 173 51
-0.410625 0.001162 -0.0706996 229 172 50
-0.410008 0.00314638 -0.0699654 226 171 53
-0.410559 0.00527098 -0.0706223 216 170 59
-0.410526 0.00732592 -0.0705837 193 167 74
-0.411667 0.00954527 -0.0719438 169 171 100
-0.423454 -0.0187033 -0.0893112 157 151 95
-0.422783 -0.0165927 -0.0885071 149 155 65
-0.422115 -0.0144901 -0.0877061 193 163 58
-0.420822 -0.0124375 -0.0861535 218 171 58
-0.418917 -0.0104463 -0.0838672 224 176 86
-0.417649 -0.00842879 -0.0823445 239 196 93
-0.415175 -0.00653225 -0.0793737 235 197 96
-0.412739 -0.00466445 -0.0764484 227 191 94
-0.410928 -0.00276566 -0.0742738 226 186 89
-0.409137 -0.000888129 -0.072124 226 182 82
-0.407367 0.000968568 -0.0699984 230 174 64
-0.406759 0.0029423 -0.0692697 224 175 51
-0.407301 0.00505471 -0.0699217 231 174 50
-0.407268 0.00709825 -0.0698834 226 172 53
-0.40839 0.0093044 -0.0712332 214 165 65
-0.409521 0.0115275 -0.0725933 172 168 88
-0.411251 0.0138586 -0.0746722 169 168 112
-0.420008 -0.0209224 -0.0885077 171 104 92
-0.419974 -0.0187904 -0.0884679 170 111 62
-0.418691 -0.0167254 -0.0869154 196 165 58
-0.418036 -0.0146387 -0.0861239 221 176 64
-0.416768 -0.0126014 -0.0845896 230 204 117
-0.414902 -0.0106245 -0.0823301 207 208 168
-0.413659 -0.00862163 -0.0808253 148 141 139
-0.411234 -0.00673794 -0.0778889 170 175 148
-0.408846 -0.00488255 -0.0749972 206 218 168
-0.407071 -0.00299668 -0.0728474 204 208 170
-0.405315 -0.00113172 -0.0707218 210 203 153
-0.404145 0.000777269 -0.0693053 217 193 121
-0.403546 0.00274052 -0.068582 220 181 79
-0.404079 0.0048409 -0.0692292 235 175 54
-0.404614 0.00694946 -0.0698789 240 174 51
-0.406296 0.00922791 -0.0719191 236 172 51
-0.407997 0.0115326 -0.0739825 219 171 58
-0.409718 0.0138639 -0.0760694 194 168 75
-0.412652 0.0164149 -0.0796273 167 168 97
-0.416603 -0.0231155 -0.0877138 171 92 91
-0.416568 -0.0209961 -0.0876742 185 91 57
-0.415919 -0.0189056 -0.0868829 210 162 58
-0.415272 -0.016823 -0.0860946 225 177 65
-0.41402 -0.0147851 -0.0845665 225 220 126
-0.412777 -0.0127627 -0.0830502 206 207 165
-0.410948 -0.0107999 -0.080817 142 118 131
-0.40914 -0.00885931 -0.0786094 103 96 85
-0.407353 -0.00694047 -0.076427 112 100 96
-0.405012 -0.00509735 -0.073568 139 166 133
-0.403271 -0.00322421 -0.0714425 195 207 167
-0.402111 -0.0013111 -0.070026 206 212 175
-0.400959 0.000588098 -0.0686201 204 206 168
-0.400926 0.00260863 -0.0685824 208 198 149
-0.401451 0.00470112 -0.0692273 220 187 88
-0.402542 0.00687775 -0.0705623 238 174 55
-0.40478 0.00923275 -0.0733006 242 175 52
-0.406472 0.0115376 -0.0753719 242 173 51
-0.40877 0.0139602 -0.0781835 234 175 55
-0.411104 0.0164204 -0.0810383 216 168 68
-0.413473 0.0189191 -0.0839375 169 173 93
-0.415266 0.0213492 -0.0861315 170 175 120
-0.413845 -0.0252665 -0.087678 171 87 88
-0.41381 -0.0231554 -0.0876387 185 88 56
-0.412564 -0.0210938 -0.0861047 212 159 55
-0.411927 -0.0190191 -0.0853226 222 174 60
-0.410695 -0.0169847 -0.0838065 228 205 109
-0.409472 -0.0149656 -0.0823019 203 208 160
-0.408259 -0.0129617 -0.0808089 138 115 130
-0.406473 -0.0110162 -0.0786098 103 94 77
-0.404707 -0.00909249 -0.0764357 89 95 84
-0.402961 -0.00719022 -0.0742861 91 93 85
-0.401235 -0.00530894 -0.0721606 101 96 84
-0.400084 -0.00339172 -0.0707442 123 143 114
-0.398942 -0.00148845 -0.0693383 184 184 166
-0.398357 0.000464512 -0.0686206 206 213 175
-0.398324 0.00247774 -0.0685831 203 206 171
-0.399397 0.00463384 -0.0699083 205 198 147
-0.400477 0.00680634 -0.0712434 229 181 83
-0.403834 0.00931888 -0.0753856 245 175 51
-0.405524 0.0116288 -0.0774728 247 174 53
-0.407233 0.0139655 -0.0795839 248 172 52
-0.409555 0.0164259 -0.0824496 243 173 56
-0.411311 0.0188227 -0.0846182 219 174 67
-0.412482 0.0211407 -0.0860649 197 180 96
-0.414272 0.0235892 -0.0882758 176 181 121
-0.412314 -0.0273757 -0.0891432 172 87 87
-0.411675 -0.0252815 -0.0883523 183 86 58
-0.411039 -0.0231951 -0.0875645 210 157 59
-0.409808 -0.021141 -0.0860368 223 169 53
-0.407996 -0.0191308 -0.0837867 228 179 77
-0.406788 -0.0171114 -0.082288 202 206 143
-0.405589 -0.015107 -0.0808008 138 110 126
-0.4044 -0.0131175 -0.0793249 101 93 77
-0.402649 -0.0111857 -0.077151 91 91 78
-0.401482 -0.00922908 -0.0757026 94 92 78
-0.400323 -0.00728681 -0.0742651 92 96 82
-0.398618 -0.00541184 -0.0721478 89 94 79
-0.398032 -0.00344473 -0.0714222 92 99 84
-0.396899 -0.00154458 -0.0700165 119 114 108
-0.396319 0.000405065 -0.0692989 162 176 159
-0.396833 0.00248194 -0.0699418 201 216 172
-0.3979 0.00463824 -0.0712721 202 207 166
-0.399532 0.00688697 -0.0733052 208 192 132
-0.403456 0.00948732 -0.0781898 244 180 53
-0.40515 0.0118072 -0.0803012 250 177 55
-0.406864 0.0141541 -0.0824368 248 175 55
-0.409191 0.0166256 -0.0853356 248 176 57
-0.410952 0.0190331 -0.0875296 245 175 59
-0.41152 0.0212537 -0.0882403 227 185 84
-0.412698 0.0235953 -0.0897097 183 191 126
-0.413886 0.0259557 -0.0911906 181 193 127
-0.415083 0.0283348 -0.0926832 176 182 127
-0.409583 -0.0295019 -0.0891021 169 87 92
-0.409549 -0.0273993 -0.0890632 179 85 56
-0.408918 -0.025313 -0.0882756 206 150 59
-0.408883 -0.0232138 -0.0882367 223 166 54
-0.407073 -0.0211879 -0.0859696 230 176 58
-0.405283 -0.0191849 -0.0837286 233 183 78
-0.403514 -0.0172045 -0.0815131 171 166 130
-0.402335 -0.015211 -0.0800374 108 93 95
-0.401164 -0.0132322 -0.0785728 90 92 82
-0.399441 -0.0113104 -0.0764154 91 94 79
-0.398849 -0.00931822 -0.0756765 89 93 80
-0.397705 -0.00738268 -0.0742446 88 91 79
-0.396569 -0.00546125 -0.0728233 91 97 81
-0.396536 -0.00344107 -0.0727859 88 97 84
-0.395408 -0.00154074 -0.0713753 98 100 84
-0.395375 0.000472545 -0.071338 116 103 96
-0.395888 0.00255358 -0.0719859 138 170 132
-0.397505 0.00478633 -0.0740193 196 202 163
-0.398582 0.00696791 -0.075375 207 201 146
-0.402501 0.00957445 -0.0802965 244 183 62
-0.404773 0.011987 -0.0831514 250 182 63
-0.406491 0.0143441 -0.0853117 251 180 62
-0.408229 0.0167288 -0.0874972 249 181 62
-0.409987 0.0191418 -0.089708 245 180 63
-0.410555 0.0213671 -0.0904246 203 186 72
-0.411124 0.0236015 -0.0911439 170 185 90
-0.411696 0.025845 -0.091866 161 198 109
-0.412882 0.0282192 -0.0933584 162 197 119
-0.413461 0.0304856 -0.0940891 177 182 118
-0.406873 -0.0316118 -0.0890614 169 91 91
-0.406839 -0.0295175 -0.0890228 172 83 60
-0.406805 -0.0274228 -0.0889841 201 142 59
-0.406181 -0.0253442 -0.0881998 227 174 72
-0.40556 -0.0232734 -0.0874185 255 196 91
-0.404359 -0.0212344 -0.0859033 255 195 84
-0.402018 -0.0192664 -0.0829456 234 187 84
-0.400844 -0.0172652 -0.0814646 209 207 145
-0.399117 -0.0153138 -0.0792828 177 163 134
-0.397965 -0.0133456 -0.0778294 111 98 104
-0.396269 -0.0114337 -0.0756883 89 93 81
-0.396236 -0.0094067 -0.0756509 89 89 80
-0.395653 -0.0074287 -0.0749177 87 93 82
-0.395072 -0.00545778 -0.0741872 90 97 83
-0.395039 -0.00343741 -0.0741499 90 98 84
-0.39446 -0.00147693 -0.0734221 95 100 84
-0.393884 0.000476556 -0.0726971 94 98 85
-0.394939 0.00262549 -0.0740379 106 104 100
-0.396003 0.00479074 -0.0753887 184 161 130
-0.397629 0.00704914 -0.0774528 203 207 160
-0.401543 0.00966193 -0.0824114 255 224 111
-0.403232 0.0119921 -0.0845552 255 220 106
-0.404941 0.0143494 -0.0867237 255 212 109
-0.40667 0.0167344 -0.0889174 255 198 96
-0.408419 0.0191475 -0.0911367 212 183 78
-0.408984 0.0213731 -0.0918561 168 184 88
-0.40955 0.0236077 -0.0925783 157 194 98
-0.410119 0.0258513 -0.0933034 159 196 97
-0.410084 0.0279828 -0.093264 160 189 100
-0.410655 0.0302401 -0.0939918 164 187 106
-0.411228 0.0325065 -0.0947224 184 183 123
-0.403602 -0.0337059 -0.0882782 168 95 92
-0.403568 -0.0316237 -0.0882399 171 81 63
-0.404115 -0.0295329 -0.0889442 199 138 66
-0.403499 -0.0274584 -0.0881632 245 174 77
-0.402886 -0.0253915 -0.0873851 255 238 115
-0.402274 -0.0233323 -0.0866099 255 225 127
-0.400522 -0.0213284 -0.0843782 245 194 86
-0.398228 -0.0193744 -0.0814544 235 184 72
-0.397077 -0.0173876 -0.0799902 217 202 121
-0.395934 -0.0154154 -0.078537 206 217 179
-0.394801 -0.0134577 -0.0770946 189 178 158
-0.393675 -0.0115142 -0.0756629 126 136 105
-0.393099 -0.00953971 -0.0749325 94 94 91
-0.393066 -0.00752352 -0.0748953 88 95 87
-0.393032 -0.00550699 -0.0748582 92 97 84
-0.393542 -0.00343372 -0.0755141 90 101 87
-0.393509 -0.00141289 -0.0754768 95 103 86
-0.392933 0.000544286 -0.0747468 97 101 87
-0.393986 0.00269766 -0.0760978 145 119 120
-0.395048 0.00486744 -0.0774589 199 209 168
-0.396118 0.00705379 -0.0788303 218 198 157
-0.400011 0.0096668 -0.0838073 254 252 157
-0.401118 0.0119096 -0.0852264 255 253 161
-0.402811 0.0142621 -0.0873948 255 249 156
-0.405111 0.0167399 -0.0903379 211 218 142
-0.407448 0.0192566 -0.093327 170 186 94
-0.407413 0.0213791 -0.0932879 157 192 95
-0.407976 0.0236138 -0.094013 156 192 100
-0.407941 0.0257411 -0.0939738 154 181 108
-0.407906 0.0278686 -0.0939346 156 148 107
-0.408471 0.0301214 -0.0946624 145 163 102
-0.408436 0.0322537 -0.0946232 168 185 111
-0.409609 0.0346545 -0.0961265 181 181 126
-0.402092 -0.0357871 -0.0897239 168 112 95
-0.400335 -0.0337059 -0.087466 168 69 64
-0.4003 -0.0316354 -0.087428 170 91 71
-0.400266 -0.0295646 -0.0873899 206 163 94
-0.399662 -0.0275057 -0.0866178 231 198 107
-0.39906 -0.0254543 -0.0858487 242 178 78
-0.397897 -0.0234302 -0.0843568 244 176 64
-0.396186 -0.0214444 -0.082159 239 177 61
-0.393945 -0.0195076 -0.0792792 236 177 59
-0.393365 -0.0175082 -0.0785381 227 183 90
-0.392245 -0.0155501 -0.0771011 214 204 161
-0.391133 -0.0136061 -0.0756748 209 216 180
-0.390564 -0.0116352 -0.0749472 194 204 167
-0.390531 -0.00962655 -0.0749103 161 159 124
-0.391033 -0.007569 -0.075564 104 95 103
-0.391 -0.00555605 -0.075527 92 96 82
-0.392045 -0.00343007 -0.0768785 92 94 84
-0.392011 -0.00140903 -0.0768414 94 100 87
-0.391978 0.000612298 -0.0768043 145 114 110
-0.39303 0.00277012 -0.0781656 197 204 150
-0.39409 0.00494439 -0.0795371 204 207 154
-0.395158 0.00713532 -0.080919 239 188 92
-0.398479 0.00967169 -0.0852035 255 191 72
-0.39958 0.0119147 -0.086628 255 191 74
-0.400689 0.0141752 -0.0880635 211 182 79
-0.402387 0.0165504 -0.0902567 169 184 90
-0.405283 0.019159 -0.0939948 155 190 92
-0.405841 0.021385 -0.09472 156 190 99
-0.406401 0.02362 -0.095448 156 180 114
-0.406366 0.0257474 -0.0954089 150 158 132
-0.406331 0.0278751 -0.0953698 151 151 135
-0.406893 0.0301281 -0.0961005 140 142 122
-0.407457 0.0323903 -0.096834 156 161 99
-0.408024 0.0346617 -0.0975705 164 180 112
-0.41042 0.037363 -0.100664 178 176 115
-0.399402 -0.035779 -0.0896434 162 70 67
-0.397666 -0.0337056 -0.0873946 165 67 59
-0.397632 -0.0316428 -0.0873568 167 67 60
-0.397035 -0.0295878 -0.0865878 180 81 58
-0.395882 -0.0275523 -0.0850961 196 127 52
-0.395292 -0.0255161 -0.0843358 221 161 57
-0.394151 -0.0235068 -0.0828609 229 167 53
-0.392474 -0.0215353 -0.080688 231 170 52
-0.390278 -0.019612 -0.0778406 232 171 53
-0.389175 -0.017657 -0.0764143 233 178 57
-0.38861 -0.0156827 -0.0756867 228 187 95
-0.38752 -0.0137524 -0.0742763 213 205 161
-0.387486 -0.0117549 -0.0742396 210 214 172
-0.387453 -0.00975717 -0.0742031 201 212 173
-0.388477 -0.00766278 -0.0755398 184 166 147
-0.388975 -0.00560491 -0.0761935 116 117 102
-0.389475 -0.00353913 -0.0768496 88 98 95
-0.390514 -0.00140519 -0.0782062 132 121 117
-0.39048 0.000616311 -0.0781692 194 205 156
-0.391526 0.00277434 -0.0795357 205 209 146
-0.392036 0.00487629 -0.0802042 227 185 108
-0.393094 0.00706304 -0.081586 254 188 61
-0.395825 0.00951161 -0.085143 245 190 62
-0.39635 0.0116592 -0.0858323 196 177 69
-0.397441 0.013906 -0.0872565 160 186 86
-0.39911 0.0162662 -0.0894326 153 188 92
-0.401958 0.0188571 -0.0931411 158 190 97
-0.403679 0.0212835 -0.0953854 160 180 114
-0.404234 0.0235141 -0.0961134 152 156 136
-0.404791 0.0257538 -0.0968442 149 150 137
-0.404756 0.0278817 -0.0968052 150 149 136
-0.405315 0.0301349 -0.0975388 148 152 126
-0.405876 0.0323973 -0.0982753 133 155 99
-0.406439 0.0346689 -0.0990147 147 181 101
-0.408822 0.0373704 -0.10212 161 185 99
-0.411244 0.0401154 -0.105275 181 181 116
-0.399038 -0.0378678 -0.0925775 154 80 80
-0.397297 -0.0357746 -0.0903034 147 58 54
-0.395576 -0.033705 -0.0880552 155 67 59
-0.394428 -0.0316543 -0.0865581 160 63 56
-0.394394 -0.0296027 -0.0865206 164 66 59
-0.392706 -0.0275864 -0.0843149 172 71 57
-0.392125 -0.0255615 -0.0835603 183 111 53
-0.390462 -0.0235823 -0.0813876 213 146 50
-0.388817 -0.0216248 -0.0792391 226 170 54
-0.386664 -0.0197148 -0.0764234 228 171 51
-0.385582 -0.0177737 -0.0750129 232 172 51
-0.385028 -0.0158134 -0.0742933 235 175 53
-0.384476 -0.01386 -0.0735764 231 182 83
-0.383925 -0.0119134 -0.0728621 214 199 137
-0.384929 -0.0098424 -0.0741843 208 205 154
-0.385939 -0.00775584 -0.0755162 212 213 157
-0.386957 -0.00565361 -0.0768579 194 191 139
-0.387982 -0.0035355 -0.0782095 168 172 103
-0.388481 -0.00146157 -0.0788707 189 197 136
-0.388982 0.000620353 -0.0795343 219 191 128
-0.390023 0.00277858 -0.080906 240 186 71
-0.390529 0.00488069 -0.0815771 254 186 58
-0.391037 0.00699099 -0.0822508 247 180 64
-0.392642 0.00927138 -0.0843618 198 147 67
-0.393158 0.0114065 -0.0850457 162 177 86
-0.39423 0.0136398 -0.0864591 151 189 91
-0.39531 0.0158904 -0.0878832 153 186 97
-0.398671 0.0185586 -0.0922976 157 179 113
-0.40211 0.0212895 -0.0968152 153 155 131
-0.402662 0.0235203 -0.0975461 149 151 138
-0.403807 0.0258769 -0.0990553 148 149 136
-0.404365 0.0281304 -0.0997949 149 148 132
-0.404925 0.0303932 -0.100537 146 148 127
-0.405488 0.0326652 -0.101283 125 137 106
-0.405452 0.034811 -0.101244 149 182 99
-0.407832 0.0375192 -0.104373 155 190 100
-0.41025 0.0402711 -0.107552 172 186 109
-0.39867 -0.0399727 -0.0955343 155 107 94
-0.396925 -0.0378595 -0.0932346 119 63 56
-0.395199 -0.0357702 -0.0909612 99 44 37
-0.393494 -0.0337043 -0.0887136 133 53 50
-0.391807 -0.0316615 -0.0864914 154 64 56
-0.391226 -0.0296255 -0.0857315 160 58 60
-0.389565 -0.0276202 -0.0835426 162 65 62
-0.388457 -0.0256217 -0.0820847 168 66 59
-0.386826 -0.0236566 -0.0799363 179 89 55
-0.385738 -0.0216906 -0.0785051 205 135 49
-0.383619 -0.0197904 -0.0757105 225 171 54
-0.383069 -0.0178302 -0.074991 230 171 47
-0.382009 -0.0159095 -0.0735961 231 172 48
-0.381976 -0.0139302 -0.0735601 236 175 51
-0.381942 -0.0119506 -0.073524 237 184 59
-0.382422 -0.00992702 -0.0741658 237 178 61
-0.383938 -0.00780049 -0.0761782 237 185 70
-0.384946 -0.00570212 -0.07752 236 180 73
-0.385962 -0.00358792 -0.0788717 231 185 61
-0.386986 -0.00145772 -0.0802334 240 184 55
-0.387484 0.00062439 -0.0808997 250 182 52
-0.387983 0.00271457 -0.0815684 255 183 53
-0.388485 0.00481282 -0.0822396 244 177 63
-0.388988 0.00691923 -0.0829133 213 113 64
-0.389493 0.00903384 -0.0835895 188 89 81
-0.389459 0.0110723 -0.0835524 165 146 97
-0.390509 0.0132878 -0.0849496 160 188 102
-0.392117 0.0156136 -0.087084 156 181 108
-0.395421 0.0182636 -0.0914641 152 159 129
-0.399959 0.0211883 -0.0974758 150 152 139
-0.401675 0.0236386 -0.0997544 149 149 138
-0.402819 0.0260004 -0.101275 149 148 133
-0.403376 0.0282589 -0.102021 147 149 128
-0.404533 0.0306535 -0.10356 130 142 109
-0.405096 0.0329352 -0.104314 136 156 86
-0.40506 0.0350897 -0.104275 160 184 106
-0.407447 0.0378111 -0.107441 161 192 111
-0.409871 0.0405765 -0.110658 171 187 110
-0.395982 -0.0399489 -0.0954317 137 74 64
-0.394259 -0.0378437 -0.0931415 86 51 44
-0.392555 -0.0357623 -0.0908773 67 48 47
-0.391419 -0.0337037 -0.0893697 84 48 54
-0.389205 -0.0316687 -0.0864255 123 56 57
-0.388094 -0.029648 -0.0849514 152 64 59
-0.386459 -0.0276536 -0.0827792 160 64 60
-0.385368 -0.0256658 -0.0813323 165 62 59
-0.383764 -0.0237112 -0.0792001 166 65 59
-0.382693 -0.0217556 -0.0777796 173 78 58
-0.381118 -0.0198396 -0.0756862 190 131 54
-0.380574 -0.0178862 -0.0749696 219 163 54
-0.380033 -0.0159397 -0.0742555 231 171 47
-0.379493 -0.0139999 -0.073544 234 178 53
-0.379966 -0.0119875 -0.0741837 235 173 52
-0.380441 -0.00996757 -0.0748257 239 176 51
-0.38143 -0.00789255 -0.0761528 244 179 50
-0.382425 -0.00580203 -0.0774897 247 182 51
-0.383949 -0.00364014 -0.0795317 248 178 48
-0.384963 -0.0015139 -0.0808935 250 184 51
-0.385456 0.000564427 -0.0815598 253 185 54
-0.385951 0.00265079 -0.0822286 243 176 63
-0.385917 0.00467343 -0.0821918 211 112 65
-0.385883 0.00669642 -0.0821551 195 77 76
-0.385849 0.00871965 -0.0821183 198 81 93
-0.386346 0.0108263 -0.0827894 174 121 115
-0.387378 0.0130286 -0.084176 158 174 105
-0.389501 0.0154326 -0.0870178 159 170 115
-0.392763 0.0180706 -0.0913805 150 153 139
-0.397816 0.0210875 -0.0981341 152 151 138
-0.399516 0.0235326 -0.100412 152 149 135
-0.401236 0.0260068 -0.102717 148 148 128
-0.402382 0.0283878 -0.104256 133 146 113
-0.403537 0.0307879 -0.105807 136 153 89
-0.404702 0.0332073 -0.10737 152 178 107
-0.404665 0.0353706 -0.107331 161 198 128
-0.406447 0.0379617 -0.109718 157 189 117
-0.408869 0.0407341 -0.11296 168 160 118
-0.394472 -0.0420306 -0.0968779 152 93 91
-0.393315 -0.0399253 -0.0953301 109 67 61
-0.391613 -0.037828 -0.0930493 125 85 67
-0.390478 -0.0357579 -0.0915307 145 125 87
-0.389351 -0.0337031 -0.0900236 142 115 80
-0.387157 -0.0316717 -0.0870801 131 97 75
-0.385525 -0.0296624 -0.084892 116 62 65
-0.38391 -0.0276751 -0.0827283 147 59 55
-0.382314 -0.0257095 -0.0805885 160 65 61
-0.381248 -0.0237467 -0.079163 162 63 59
-0.38019 -0.0217979 -0.0777479 163 64 61
-0.37914 -0.019863 -0.0763431 169 71 60
-0.378601 -0.017913 -0.0756266 182 114 56
-0.377562 -0.0160021 -0.0742372 216 148 51
-0.377529 -0.0140332 -0.0742015 230 170 53
-0.377997 -0.0120244 -0.0748413 234 174 49
-0.378468 -0.010008 -0.0754834 237 172 47
-0.379447 -0.00793672 -0.0768106 242 177 48
-0.380433 -0.00585 -0.0781475 247 174 46
-0.381943 -0.00369218 -0.0801895 250 179 48
-0.382948 -0.00156988 -0.0815513 253 178 51
-0.383436 0.000504681 -0.0822177 240 173 62
-0.383402 0.00251974 -0.0821812 210 113 65
-0.383368 0.00453511 -0.0821447 192 78 75
-0.383335 0.00655075 -0.0821081 192 78 83
-0.383301 0.0085667 -0.0820716 199 98 96
-0.38379 0.0106654 -0.0827402 186 93 94
-0.384809 0.012859 -0.0841215 157 157 95
-0.386905 0.015253 -0.0869524 157 168 122
-0.390125 0.0178791 -0.091298 150 153 137
-0.396253 0.0210935 -0.0995591 150 151 137
-0.398523 0.0236509 -0.102627 150 149 134
-0.40083 0.0262489 -0.105743 140 148 120
-0.401978 0.0286405 -0.107299 139 144 99
-0.403136 0.0310513 -0.108869 156 176 105
-0.404304 0.0334817 -0.11045 161 197 125
-0.404872 0.0357925 -0.111226 161 199 117
-0.406666 0.0384019 -0.113652 167 189 121
-0.408481 0.0410433 -0.116107 179 185 134
-0.395326 -0.0504843 -0.101504 163 75 72
-0.394723 -0.0483591 -0.100695 172 100 86
-0.39181 -0.0419992 -0.0967709 129 81 70
-0.39122 -0.0399133 -0.0959801 132 110 80
-0.389534 -0.03782 -0.0937 146 146 117
-0.388408 -0.0357536 -0.092182 114 119 105
-0.387291 -0.0337025 -0.0906753 96 106 87
-0.385117 -0.0316747 -0.0877325 108 123 103
-0.383498 -0.0296689 -0.085545 128 110 92
-0.38138 -0.0276965 -0.082678 112 63 60
-0.380315 -0.0257229 -0.0812423 143 58 57
-0.37875 -0.0237819 -0.0791264 157 63 60
-0.377705 -0.0218399 -0.0777167 159 68 61
-0.376667 -0.0199117 -0.0763172 164 63 61
-0.376135 -0.0179685 -0.0756035 170 68 60
-0.376102 -0.0159996 -0.0755679 182 92 57
-0.376068 -0.0140305 -0.0755323 210 140 50
-0.376534 -0.0120215 -0.0761746 227 169 51
-0.377002 -0.0100049 -0.0768192 236 176 52
-0.377976 -0.00793348 -0.0781514 240 172 45
-0.378956 -0.00584658 -0.0794934 246 176 46
-0.379945 -0.00374403 -0.0808452 248 176 51
-0.38094 -0.00162565 -0.0822069 242 172 60
-0.381423 0.000445185 -0.0828734 210 116 65
-0.381389 0.00245667 -0.082837 188 80 77
-0.381356 0.00446849 -0.0828007 190 76 81
-0.381841 0.00655531 -0.0834695 192 91 94
-0.381807 0.00857144 -0.0834331 175 90 98
-0.382294 0.0106703 -0.0841043 183 85 85
-0.383307 0.0128642 -0.0854908 161 144 92
-0.385391 0.0152584 -0.088332 157 170 118
-0.38914 0.0179831 -0.0934362 152 151 138
-0.395259 0.0212062 -0.101759 152 152 137
-0.397526 0.0237697 -0.10485 145 148 128
-0.399829 0.026374 -0.10799 139 137 107
-0.401571 0.0288952 -0.110367 155 174 107
-0.402732 0.0313169 -0.111955 160 199 127
-0.403902 0.0337582 -0.113556 161 197 120
-0.404472 0.036079 -0.114341 136 157 115
-0.40627 0.0387009 -0.116795 147 147 121
-0.408091 0.0413551 -0.11928 178 177 120
-0.394336 -0.0505171 -0.103701 155 62 67
-0.393169 -0.0483594 -0.102112 161 68 63
-0.39201 -0.0462181 -0.100535 163 83 72
-0.391416 -0.0441125 -0.0997329 151 78 67
-0.39027 -0.0419991 -0.0981744 131 86 73
-0.389683 -0.0399129 -0.097381 152 144 105
-0.388005 -0.0378194 -0.0950931 144 125 107
-0.386885 -0.0357529 -0.0935698 95 129 100
-0.385239 -0.0337019 -0.0913248 68 98 87
-0.383083 -0.0316777 -0.0883827 90 70 75
-0.381479 -0.0296755 -0.0861958 131 122 86
-0.379893 -0.0276951 -0.084033 105 116 97
-0.378324 -0.0257362 -0.081894 104 52 35
-0.376773 -0.0237985 -0.0797785 134 54 55
-0.375736 -0.0218598 -0.0783691 155 64 60
-0.375205 -0.0199096 -0.0776504 161 67 64
-0.374674 -0.0179661 -0.0769344 164 63 60
-0.374146 -0.0160294 -0.0762209 168 71 63
-0.374608 -0.0140278 -0.0768634 178 82 57
-0.374574 -0.0120582 -0.0768279 198 132 51
-0.375536 -0.0100019 -0.0781553 226 165 53
-0.376002 -0.0079775 -0.0788049 238 168 45
-0.376974 -0.00589436 -0.0801468 246 172 48
-0.378462 -0.00374038 -0.0821963 240 167 59
-0.378939 -0.00168119 -0.0828604 209 117 61
-0.379418 0.00038587 -0.0835269 192 78 75
-0.379898 0.00246088 -0.0841959 189 78 81
-0.380381 0.00454389 -0.0848674 190 94 93
-0.380347 0.0065599 -0.0848311 179 99 109
-0.380831 0.00865495 -0.085505 144 110 123
-0.381316 0.0107581 -0.0861814 177 78 79
-0.382328 0.0129565 -0.0875783 163 132 90
-0.384408 0.0153561 -0.0904407 161 174 114
-0.387606 0.0179888 -0.0948345 154 150 137
-0.393691 0.0212121 -0.103188 148 148 132
-0.396524 0.0238889 -0.107082 137 134 112
-0.398824 0.0264995 -0.110246 145 170 100
-0.400563 0.0290267 -0.112642 159 196 119
-0.402324 0.0315845 -0.115067 158 198 122
-0.402891 0.0339009 -0.115855 171 185 119
-0.40346 0.0362268 -0.116647 162 184 115
-0.405255 0.0388551 -0.11912 157 178 110
-0.407073 0.0415158 -0.121624 174 179 114
-0.392776 -0.0505176 -0.105123 153 96 80
-0.391614 -0.0483598 -0.103529 156 62 61
-0.391018 -0.0462421 -0.102718 160 64 63
-0.38987 -0.0441125 -0.101142 144 70 66
-0.389281 -0.0420145 -0.10034 144 111 82
-0.388146 -0.0399126 -0.0987822 155 150 109
-0.385936 -0.0378114 -0.0957391 132 142 108
-0.384826 -0.0357486 -0.0942165 91 122 105
-0.383724 -0.033701 -0.0927052 77 124 114
-0.38158 -0.0316766 -0.0897529 84 97 93
-0.379984 -0.0296742 -0.0875584 148 137 98
-0.378406 -0.0276936 -0.0853882 147 145 112
-0.376845 -0.0257346 -0.0832419 91 54 53
-0.375803 -0.0237783 -0.0818122 86 44 39
-0.374768 -0.021836 -0.0803929 110 59 54
-0.374237 -0.019882 -0.0796693 145 60 57
-0.373214 -0.0179638 -0.0782655 158 64 61
-0.372688 -0.016027 -0.0775497 163 67 64
-0.373147 -0.0140251 -0.0781947 165 71 65
-0.373113 -0.0120554 -0.0781593 173 76 62
-0.373574 -0.0100422 -0.0788066 190 122 58
-0.374036 -0.00802133 -0.0794562 225 156 53
-0.374998 -0.005942 -0.0807981 235 164 58
-0.376473 -0.00379205 -0.0828475 209 115 61
-0.377453 -0.00167739 -0.0842143 192 78 72
-0.377929 0.00038989 -0.0848835 189 78 80
-0.378407 0.00246509 -0.0855551 194 93 93
-0.378886 0.00454826 -0.0862292 180 100 114
-0.379368 0.00663946 -0.0869058 167 147 138
-0.37985 0.00873874 -0.0875849 143 136 129
-0.380856 0.0109296 -0.0889872 179 74 73
-0.38187 0.0131371 -0.0904 165 115 85
-0.383422 0.0154542 -0.0925576 163 178 112
-0.386071 0.0179944 -0.0962331 149 151 134
-0.39269 0.0213252 -0.105399 134 140 115
-0.395519 0.0240086 -0.109324 145 167 94
-0.397815 0.0266255 -0.112512 153 190 106
-0.398958 0.0290334 -0.114105 157 189 110
-0.400709 0.0315914 -0.116538 133 174 114
-0.401272 0.033908 -0.11733 143 141 134
-0.402443 0.0363752 -0.118962 159 177 113
-0.404236 0.03901 -0.121455 158 176 107
-0.406051 0.0416772 -0.123978 176 176 112
-0.391215 -0.0505182 -0.106546 158 117 95
-0.390059 -0.0483602 -0.104946 160 65 68
-0.389466 -0.0462423 -0.104132 162 99 76
-0.388323 -0.0441125 -0.102551 141 67 72
-0.387189 -0.0419987 -0.100982 145 117 87
-0.386064 -0.0399007 -0.0994251 149 142 109
-0.383874 -0.0378034 -0.0963831 108 133 117
-0.382774 -0.0357443 -0.0948609 77 119 110
-0.381682 -0.0337004 -0.0933502 97 123 109
-0.379557 -0.0316796 -0.0903987 87 122 103
-0.378489 -0.0296729 -0.0889213 152 151 110
-0.376919 -0.0276922 -0.0867436 167 159 115
-0.37587 -0.025718 -0.0852933 92 85 77
-0.37483 -0.023758 -0.0838535 61 49 30
-0.373797 -0.021812 -0.0824243 71 53 36
-0.372771 -0.0198799 -0.0810054 93 57 42
-0.372244 -0.0179326 -0.0802822 131 57 58
-0.371719 -0.0159921 -0.0795616 153 67 63
-0.371686 -0.0140225 -0.0795263 161 75 69
-0.371652 -0.0120525 -0.079491 169 80 77
-0.37211 -0.0100391 -0.0801407 169 79 89
-0.372569 -0.00801812 -0.0807928 186 102 69
-0.373526 -0.00593857 -0.0821398 196 99 56
-0.374992 -0.00378842 -0.0841967 189 77 72
-0.375967 -0.00167357 -0.0855685 190 77 81
-0.376949 0.000457205 -0.0869506 194 86 92
-0.377426 0.00253656 -0.0876273 183 99 114
-0.377904 0.00462393 -0.0883066 165 147 143
-0.378385 0.00671935 -0.0889884 155 151 140
-0.379385 0.00890251 -0.0903961 150 145 128
-0.380393 0.0111023 -0.0918143 168 72 75
-0.381408 0.013319 -0.0932431 165 102 86
-0.383497 0.0157399 -0.0961703 164 178 110
-0.386162 0.0182976 -0.0999015 131 152 118
-0.391684 0.0214388 -0.10762 142 164 90
-0.393932 0.0240148 -0.11077 153 187 102
-0.396215 0.0266319 -0.113969 154 189 112
-0.397942 0.0291654 -0.116392 170 176 113
-0.39969 0.0317296 -0.118844 159 173 100
-0.400253 0.0340513 -0.119642 144 167 108
-0.402029 0.0366665 -0.122134 143 165 103
-0.403826 0.0393138 -0.124656 153 173 105
-0.405646 0.0419941 -0.127209 179 176 115
-0.389654 -0.0505188 -0.107969 163 82 82
-0.388503 -0.0483606 -0.106364 162 66 70
-0.387362 -0.0462187 -0.104771 157 62 66
-0.386229 -0.0440929 -0.103191 150 64 66
-0.385105 -0.041983 -0.101622 143 105 81
-0.383453 -0.0398774 -0.0993105 135 123 102
-0.381291 -0.037788 -0.0962808 84 91 94
-0.380204 -0.0357365 -0.0947649 80 71 54
-0.379126 -0.0337001 -0.0932602 91 98 76
-0.37754 -0.0316826 -0.0910423 89 126 104
-0.376482 -0.0296794 -0.0895654 153 149 109
-0.375431 -0.0276907 -0.0880993 166 160 116
-0.374388 -0.0257164 -0.0866441 95 107 99
-0.373353 -0.0237562 -0.0851995 60 45 25
-0.372325 -0.02181 -0.0837654 61 53 30
-0.371305 -0.0198778 -0.0823418 63 49 36
-0.37078 -0.0179303 -0.0816162 83 52 45
-0.370258 -0.0159896 -0.0808933 109 61 56
-0.370224 -0.0140198 -0.0808581 145 62 64
-0.370191 -0.0120497 -0.0808228 161 115 98
-0.370645 -0.0100361 -0.0814751 193 145 132
-0.371102 -0.00801488 -0.0821298 195 116 96
-0.372054 -0.00593514 -0.0834817 184 68 68
-0.373511 -0.0037848 -0.085546 205 100 85
-0.374481 -0.00166974 -0.086923 198 89 102
-0.375457 0.000461224 -0.0883101 185 97 112
-0.375931 0.00254077 -0.0889895 168 145 136
-0.376919 0.00469988 -0.090392 154 151 145
-0.377398 0.00679953 -0.0910791 150 149 140
-0.378396 0.00898726 -0.0924973 153 146 126
-0.379925 0.0112764 -0.0946629 152 77 82
-0.380943 0.0135023 -0.096108 168 95 88
-0.383036 0.015934 -0.0990681 164 170 99
-0.385707 0.0185035 -0.102842 150 175 100
-0.390675 0.0215528 -0.10985 153 185 102
-0.392919 0.024135 -0.113023 156 185 103
-0.395198 0.0267584 -0.116247 132 175 111
-0.396923 0.0292979 -0.118689 120 133 131
-0.398668 0.0318682 -0.12116 115 127 95
-0.399229 0.0341951 -0.121964 102 104 74
-0.401611 0.03696 -0.125332 108 106 76
-0.402797 0.0394706 -0.127017 140 147 92
-0.404614 0.0421574 -0.12959 147 159 111
-0.388686 -0.0526577 -0.11022 164 91 82
-0.387537 -0.0504872 -0.108604 155 75 71
-0.386397 -0.0483331 -0.107 148 61 69
-0.384721 -0.0461715 -0.104635 141 58 68
-0.383603 -0.0440539 -0.103061 137 61 65
-0.381959 -0.0419366 -0.100741 135 80 71
-0.380333 -0.039843 -0.0984475 135 117 92
-0.378726 -0.0377728 -0.0961796 110 102 92
-0.377653 -0.0357288 -0.0946698 75 65 61
-0.376076 -0.0337001 -0.0924441 64 67 67
-0.375531 -0.0316855 -0.0916838 83 108 91
-0.374482 -0.0296859 -0.0902073 153 152 108
-0.373943 -0.0276893 -0.0894553 166 156 116
-0.372906 -0.0257148 -0.0879951 97 115 106
-0.371876 -0.0237544 -0.0865457 53 38 44
-0.370853 -0.0218081 -0.0851068 48 44 58
-0.370328 -0.0198501 -0.0843737 48 49 59
-0.369804 -0.017899 -0.0836431 53 48 45
-0.369282 -0.0159547 -0.0829153 73 54 36
-0.369249 -0.0139811 -0.0828801 91 57 50
-0.369215 -0.0120072 -0.082845 127 65 62
-0.369181 -0.010033 -0.0828098 170 75 73
-0.369635 -0.00801165 -0.0834669 174 84 81
-0.370581 -0.00593172 -0.0848238 178 67 74
-0.37203 -0.00378117 -0.0868957 202 76 89
-0.373496 -0.00160651 -0.0889904 190 96 116
-0.374471 0.000528817 -0.0903879 172 147 133
-0.375964 0.00274839 -0.0925216 155 153 143
-0.376442 0.00484821 -0.093214 153 150 139
-0.377438 0.00703261 -0.094643 148 146 136
-0.378442 0.00923374 -0.0960827 152 145 126
-0.37998 0.0115375 -0.098281 139 90 89
-0.381004 0.0137772 -0.0997481 168 89 84
-0.382571 0.0161295 -0.101988 162 158 91
-0.385247 0.0187111 -0.105805 155 183 102
-0.389661 0.0216673 -0.112089 150 181 108
-0.391901 0.0242556 -0.115286 163 168 107
-0.394177 0.0268855 -0.118534 154 147 89
-0.395898 0.029431 -0.120995 119 106 81
-0.397641 0.0320075 -0.123485 83 78 66
-0.398201 0.0343395 -0.124295 68 74 67
-0.400579 0.0371114 -0.127689 87 79 62
-0.401764 0.0396279 -0.129387 119 111 77
-0.403578 0.0423215 -0.13198 109 111 95
-0.388273 -0.0548459 -0.113281 151 94 95
-0.387121 -0.0526585 -0.111646 132 85 88
-0.385428 -0.0504557 -0.109237 121 96 91
-0.384298 -0.0483056 -0.107633 112 104 99
-0.383177 -0.0461718 -0.106042 109 101 98
-0.381529 -0.0440345 -0.103696 111 86 89
-0.3799 -0.0419212 -0.101377 125 67 74
-0.378289 -0.0398314 -0.0990845 135 89 72
-0.376697 -0.0377649 -0.0968174 131 117 95
-0.375633 -0.0357246 -0.0953082 106 100 89
-0.374577 -0.0336992 -0.0938101 66 61 67
-0.37353 -0.0316885 -0.0923231 87 100 86
-0.37249 -0.0296923 -0.0908471 152 160 116
-0.371955 -0.0276992 -0.0900954 165 155 116
-0.371423 -0.0257131 -0.0893464 138 134 109
-0.370892 -0.0237341 -0.0886002 135 114 81
-0.369872 -0.0217841 -0.0871513 135 128 94
-0.368858 -0.019848 -0.0857129 138 125 94
-0.368337 -0.0178967 -0.0849801 131 106 79
-0.367818 -0.0159522 -0.0842499 81 77 59
-0.367784 -0.0139784 -0.0842148 60 42 51
-0.36775 -0.0120043 -0.0841797 81 46 34
-0.368201 -0.00998665 -0.0848395 101 53 43
-0.368167 -0.00800842 -0.0848043 151 60 62
-0.369598 -0.00587722 -0.0868686 175 66 71
-0.371045 -0.00372224 -0.0889556 190 83 91
-0.372507 -0.00154305 -0.0910657 175 139 121
-0.374495 0.00072501 -0.0939279 155 153 143
-0.375996 0.00295837 -0.0960936 150 151 141
-0.376477 0.00507056 -0.0967968 150 146 136
-0.377479 0.00726835 -0.0982474 147 143 132
-0.378489 0.00948305 -0.099709 148 137 123
-0.380036 0.0118015 -0.101941 137 82 93
-0.381065 0.0140553 -0.10343 171 83 84
-0.382642 0.0164229 -0.105705 163 141 91
-0.384784 0.0189202 -0.108791 155 181 106
-0.389207 0.0218915 -0.115147 138 175 113
-0.391453 0.0244921 -0.118381 118 147 131
-0.393151 0.027013 -0.120831 103 112 101
-0.39546 0.0296919 -0.124156 82 79 70
-0.397206 0.0322806 -0.126676 68 65 55
-0.397768 0.0346229 -0.127496 67 73 62
-0.400764 0.0375544 -0.131807 75 76 64
-0.40134 0.0399369 -0.132648 88 87 70
-0.403159 0.0426436 -0.135272 95 94 90
-0.387296 -0.0570059 -0.115557 119 128 115
-0.386146 -0.054806 -0.11391 102 123 128
-0.385004 -0.0526228 -0.112276 89 131 137
-0.383872 -0.0504563 -0.110655 83 138 141
-0.382207 -0.0482783 -0.108265 77 145 148
-0.380562 -0.046125 -0.105902 80 148 152
-0.379463 -0.0440151 -0.10433 87 142 150
-0.377849 -0.0419058 -0.102011 100 98 115
-0.376252 -0.0398198 -0.0997194 127 66 71
-0.374163 -0.0377498 -0.0967153 138 88 75
-0.373113 -0.035717 -0.0952121 129 114 93
-0.372071 -0.0336989 -0.09372 91 96 91
-0.371535 -0.0316914 -0.0929603 113 102 90
-0.371001 -0.0296911 -0.0922034 152 158 119
-0.37047 -0.0276978 -0.0914493 155 154 118
-0.36994 -0.0257115 -0.090698 138 148 116
-0.369412 -0.0237323 -0.0899494 129 143 115
-0.368396 -0.0217821 -0.0884956 131 143 116
-0.367874 -0.0198202 -0.0877551 151 152 115
-0.367354 -0.0178652 -0.0870173 162 164 119
-0.366836 -0.0159171 -0.0862822 149 148 112
-0.366802 -0.0139395 -0.0862472 112 104 82
-0.366767 -0.0119617 -0.0862121 69 37 53
-0.366733 -0.0099836 -0.086177 70 36 33
-0.367183 -0.00795809 -0.0868418 143 56 57
-0.368122 -0.0058738 -0.0882137 172 70 75
-0.36956 -0.00371862 -0.0903082 178 100 103
-0.371515 -0.00147936 -0.093149 162 153 142
-0.374008 0.000858409 -0.0967687 151 151 142
-0.375512 0.00310107 -0.0989587 151 145 136
-0.376512 0.00529545 -0.10042 147 142 132
-0.37752 0.00750674 -0.101893 147 139 129
-0.378536 0.00973516 -0.103377 135 112 109
-0.380092 0.0120686 -0.105642 163 76 81
-0.381127 0.0143365 -0.107155 188 93 98
-0.38217 0.0166222 -0.108679 169 118 96
-0.384868 0.0192341 -0.112598 161 169 108
-0.388184 0.0220073 -0.11741 156 136 98
-0.390426 0.0246142 -0.120668 108 122 82
-0.392121 0.027141 -0.123137 73 76 66
-0.393837 0.0296987 -0.125635 66 57 54
-0.39617 0.0324216 -0.129026 62 63 55
-0.39673 0.034769 -0.129853 60 50 41
-0.399111 0.0375619 -0.133314 65 51 39
-0.400296 0.0400961 -0.135046 74 66 56
-0.402112 0.0428097 -0.13769 102 98 84
-0.386352 -0.0612963 -0.117879 119 141 130
-0.385759 -0.059125 -0.117029 95 141 138
-0.384614 -0.056917 -0.115377 79 140 141
-0.384578 -0.054807 -0.115339 74 145 149
-0.383442 -0.0526236 -0.1137 71 151 156
-0.382315 -0.0504569 -0.112073 69 154 159
-0.38066 -0.0482787 -0.109675 66 159 165
-0.379554 -0.0461486 -0.108079 68 158 168
-0.37793 -0.0440152 -0.105727 70 153 163
-0.376324 -0.0419056 -0.103401 76 134 144
-0.374223 -0.0398083 -0.100352 95 104 110
-0.372659 -0.0377493 -0.0980867 116 88 82
-0.371614 -0.0357162 -0.0965785 137 82 81
-0.370577 -0.033698 -0.0950814 121 108 87
-0.370044 -0.0316903 -0.0943193 114 126 87
-0.369018 -0.0296975 -0.0928389 144 150 113
-0.368491 -0.0277076 -0.0920851 155 148 112
-0.368457 -0.0257099 -0.0920498 130 132 106
-0.367442 -0.023749 -0.0905857 102 108 93
-0.366921 -0.0217801 -0.0898402 104 100 83
-0.366401 -0.0198181 -0.0890973 115 101 83
-0.365884 -0.0178629 -0.0883572 104 110 92
-0.365368 -0.0159146 -0.0876197 129 134 116
-0.365334 -0.0139369 -0.0875848 151 154 113
-0.3653 -0.0119589 -0.0875498 110 106 93
-0.365265 -0.00998056 -0.0875149 90 38 46
-0.366195 -0.00790755 -0.0888868 146 60 65
-0.367132 -0.0058191 -0.0902688 172 68 84
-0.368568 -0.00365944 -0.0923787 171 130 118
-0.370019 -0.0014755 -0.0945119 155 149 141
-0.373006 0.000927493 -0.0988864 151 149 137
-0.375024 0.00324488 -0.101846 149 147 133
-0.376026 0.00544827 -0.103324 146 137 129
-0.377561 0.00774788 -0.10558 136 120 112
-0.378583 0.0099902 -0.107087 158 80 86
-0.380148 0.0123387 -0.109387 188 87 85
-0.381189 0.014621 -0.110923 197 86 91
-0.382784 0.0170199 -0.113268 180 97 100
-0.384953 0.0195516 -0.11645 145 169 124
-0.388289 0.0223453 -0.121336 118 139 115
-0.389968 0.0248535 -0.123804 104 87 64
-0.391086 0.0272696 -0.125452 89 86 64
-0.392799 0.0298334 -0.12797 66 63 57
-0.394533 0.0324286 -0.130518 51 46 42
-0.395688 0.0349158 -0.132221 52 44 39
-0.398064 0.0377158 -0.135708 64 59 49
-0.399248 0.0402561 -0.137453 77 72 60
-0.401061 0.0429765 -0.140118 108 100 82
-0.385964 -0.0656654 -0.121031 124 143 125
-0.384812 -0.0634195 -0.119354 96 141 134
-0.383669 -0.0611909 -0.117689 82 143 143
-0.383082 -0.0590281 -0.116843 83 152 153
-0.382498 -0.0568734 -0.116001 83 159 157
-0.381916 -0.0547268 -0.115161 69 151 160
-0.381336 -0.0525881 -0.114325 67 156 163
-0.380759 -0.0504574 -0.113492 67 157 166
-0.379647 -0.0483068 -0.111872 64 155 165
-0.378543 -0.0461723 -0.110265 65 152 160
-0.376921 -0.0440345 -0.107896 66 151 157
-0.375318 -0.0419206 -0.105553 67 147 153
-0.373733 -0.0398303 -0.103237 72 142 143
-0.371659 -0.037756 -0.100201 84 128 126
-0.370114 -0.0357155 -0.0979451 108 97 100
-0.369083 -0.0336971 -0.0964431 131 80 85
-0.368059 -0.0316933 -0.0949522 123 103 84
-0.367042 -0.0297039 -0.0934722 135 133 104
-0.367008 -0.0277062 -0.093437 130 138 113
-0.366485 -0.0257232 -0.0926836 96 119 109
-0.365964 -0.0237472 -0.0919329 65 77 87
-0.365445 -0.0217781 -0.091185 99 58 48
-0.364928 -0.0198159 -0.0904398 84 82 70
-0.364413 -0.0178606 -0.0896973 80 118 97
-0.3639 -0.0159121 -0.0889575 128 92 82
-0.363866 -0.0139342 -0.0889226 156 146 98
-0.363831 -0.011956 -0.0888878 147 150 117
-0.363797 -0.0099775 -0.0888529 123 68 65
-0.364722 -0.00790432 -0.0902298 156 61 68
-0.365653 -0.00581565 -0.0916169 167 76 91
-0.367571 -0.00360008 -0.094457 160 144 132
-0.36902 -0.00141158 -0.0966059 151 146 136
-0.372001 0.000996865 -0.101012 149 142 132
-0.374014 0.00331931 -0.103993 147 139 130
-0.375535 0.00560228 -0.10625 136 122 112
-0.377603 0.00799179 -0.109311 158 84 85
-0.37863 0.0102482 -0.11084 187 86 86
-0.380745 0.0127021 -0.113973 194 85 90
-0.381252 0.0149089 -0.114735 198 85 88
-0.382857 0.0173237 -0.117116 179 87 84
-0.385039 0.0198729 -0.120347 140 141 88
-0.387255 0.0224629 -0.12363 84 89 76
-0.388931 0.024977 -0.126116 77 80 62
-0.390047 0.0273987 -0.127777 71 84 59
-0.391172 0.0298402 -0.129452 56 51 38
-0.393488 0.0325701 -0.132882 50 46 34
-0.394641 0.0350631 -0.134598 63 62 52
-0.397014 0.0378703 -0.138112 74 71 64
-0.398195 0.0404167 -0.13987 83 78 69
-0.400005 0.0431439 -0.142556 103 93 80
-0.386135 -0.07014 -0.125043 140 149 122
-0.384418 -0.0677969 -0.122512 108 140 130
-0.383271 -0.0655429 -0.120829 85 140 138
-0.382134 -0.0633061 -0.119159 84 147 146
-0.381006 -0.0610863 -0.117501 103 156 159
-0.379886 -0.0588835 -0.115857 90 173 170
-0.37985 -0.0567856 -0.11582 75 159 166
-0.379275 -0.0546472 -0.114985 67 155 168
-0.379777 -0.0525889 -0.115746 67 158 168
-0.379202 -0.050458 -0.114911 72 158 166
-0.378629 -0.048335 -0.114079 68 152 157
-0.377528 -0.0461962 -0.11246 68 149 154
-0.376434 -0.0440734 -0.110854 68 151 155
-0.374827 -0.0419511 -0.108485 70 149 151
-0.373239 -0.0398525 -0.106144 82 151 149
-0.37015 -0.0377554 -0.101576 84 149 136
-0.368615 -0.0357148 -0.099312 80 134 136
-0.367096 -0.0336965 -0.0970734 96 110 119
-0.36657 -0.0316922 -0.0963092 121 90 87
-0.365559 -0.0297026 -0.0948243 132 103 90
-0.364555 -0.0277273 -0.0933504 129 119 96
-0.36452 -0.0257365 -0.0933153 112 116 92
-0.364004 -0.0237639 -0.092565 64 68 70
-0.36349 -0.0217982 -0.0918174 84 63 57
-0.362977 -0.0198394 -0.0910725 65 67 64
-0.362943 -0.0178583 -0.0910377 76 110 89
-0.362432 -0.0159096 -0.0902955 144 122 100
-0.362873 -0.0138952 -0.090968 161 160 124
-0.362839 -0.0119132 -0.0909332 157 154 118
-0.363282 -0.00988724 -0.091608 145 76 80
-0.363727 -0.00785359 -0.0922854 166 61 69
-0.364656 -0.00576073 -0.0936826 170 85 97
-0.36657 -0.00354047 -0.0965434 157 151 140
-0.368016 -0.00134738 -0.098708 146 141 130
-0.370991 0.00106649 -0.103146 150 136 126
-0.374035 0.00353572 -0.107686 140 117 114
-0.375565 0.00583322 -0.109977 157 85 89
-0.377644 0.00823851 -0.113084 188 86 85
-0.379216 0.0105951 -0.115437 198 83 89
-0.380806 0.0129796 -0.117818 194 79 86
-0.381863 0.0152961 -0.119408 186 84 85
-0.38293 0.0176311 -0.12101 163 81 75
-0.384563 0.0200912 -0.123457 109 97 74
-0.386217 0.022581 -0.125933 65 57 49
-0.38789 0.025101 -0.128438 64 63 45
-0.388427 0.0274052 -0.129254 52 52 40
-0.390127 0.0299754 -0.1318 46 47 35
-0.391848 0.0325771 -0.134377 62 63 49
-0.393589 0.0352111 -0.136985 84 73 68
-0.395958 0.0380254 -0.140526 92 104 85
-0.397138 0.0405779 -0.142298 100 101 88
-0.398327 0.043152 -0.144085 111 96 85
-0.38402 -0.0722084 -0.125695 131 147 124
-0.382871 -0.0699286 -0.123993 101 146 133
-0.381731 -0.0676663 -0.122304 87 144 142
-0.380599 -0.0654213 -0.120628 83 153 151
-0.379477 -0.0631935 -0.118965 90 171 161
-0.377828 -0.0609302 -0.116514 92 156 168
-0.376727 -0.0587405 -0.114883 76 163 170
-0.37669 -0.0566545 -0.114846 68 159 171
-0.376125 -0.0545285 -0.114017 85 170 174
-0.377681 -0.0525535 -0.116367 135 193 179
-0.37818 -0.0504907 -0.117132 144 193 180
-0.377608 -0.0483633 -0.116293 117 178 168
-0.377039 -0.0462439 -0.115458 81 152 157
-0.375943 -0.0441126 -0.113835 71 148 152
-0.374332 -0.0419818 -0.11144 85 152 144
-0.372741 -0.0398749 -0.109073 135 167 132
-0.369646 -0.0377695 -0.104455 113 161 110
-0.367114 -0.0357141 -0.100679 88 150 139
-0.365604 -0.0336956 -0.098433 81 140 138
-0.364594 -0.0316951 -0.0969377 91 125 127
-0.363592 -0.029709 -0.0954534 113 98 97
-0.363077 -0.0277259 -0.0946978 135 89 87
-0.362563 -0.0257498 -0.0939451 130 115 93
-0.362051 -0.0237805 -0.093195 115 114 92
-0.362016 -0.0217962 -0.0931602 95 91 74
-0.361506 -0.0198372 -0.092413 59 48 66
-0.361471 -0.0178559 -0.0923782 69 95 79
-0.360963 -0.0159071 -0.0916337 148 140 107
-0.361877 -0.013856 -0.0930211 164 159 124
-0.361843 -0.0118702 -0.0929863 153 142 110
-0.362285 -0.00984035 -0.0936662 154 71 75
-0.363209 -0.00775487 -0.0950686 173 63 71
-0.364139 -0.00565378 -0.0964813 169 105 99
-0.365566 -0.00348065 -0.0986376 152 143 135
-0.367505 -0.00122217 -0.101562 148 136 125
-0.370485 0.00120242 -0.10605 143 117 111
-0.373016 0.0036113 -0.109862 161 81 88
-0.375067 0.00599017 -0.112957 189 84 87
-0.377686 0.0084881 -0.116902 200 86 93
-0.379267 0.0108602 -0.119291 198 84 86
-0.380866 0.0132604 -0.121708 186 80 83
-0.38193 0.0155919 -0.123323 172 69 75
-0.383003 0.0179421 -0.124951 123 70 62
-0.384084 0.0203112 -0.126592 75 55 41
-0.385174 0.0226996 -0.128245 58 44 38
-0.386272 0.0251074 -0.129912 48 50 54
-0.38738 0.0275348 -0.131592 44 43 41
-0.388496 0.0299822 -0.133286 67 74 56
-0.390207 0.0325842 -0.135872 86 80 73
-0.391346 0.0350777 -0.1376 90 93 92
-0.393691 0.0378854 -0.141139 99 107 100
-0.394859 0.0404322 -0.14291 112 107 97
-0.396648 0.04316 -0.145615 133 109 91
-0.382467 -0.0743484 -0.127181 126 145 126
-0.380775 -0.0719854 -0.124643 92 141 135
-0.379645 -0.0697196 -0.122955 76 142 142
-0.379065 -0.0675366 -0.122098 78 146 144
-0.377411 -0.0652398 -0.119618 88 154 145
-0.37684 -0.0630818 -0.118774 87 160 152
-0.374686 -0.0607759 -0.115538 74 152 164
-0.373603 -0.0585991 -0.11392 69 158 171
-0.373567 -0.0565249 -0.113884 72 162 171
-0.37353 -0.0544504 -0.113847 98 179 179
-0.375066 -0.0524824 -0.116187 137 206 199
-0.377153 -0.0505235 -0.119361 140 209 202
-0.377116 -0.0484199 -0.119324 115 187 187
-0.37708 -0.0463161 -0.119288 82 154 160
-0.376509 -0.0441919 -0.118444 73 153 152
-0.374883 -0.042044 -0.116005 87 156 140
-0.372756 -0.0399089 -0.112808 124 162 122
-0.368634 -0.0377763 -0.106594 126 160 121
-0.366601 -0.0357202 -0.103539 142 167 125
-0.364112 -0.0336947 -0.0997929 101 154 125
-0.362626 -0.031698 -0.0975642 76 152 149
-0.361633 -0.0297154 -0.0960803 85 134 131
-0.360647 -0.0277469 -0.0946073 104 100 109
-0.360612 -0.025763 -0.0945727 132 78 87
-0.360104 -0.0237971 -0.0938229 133 108 86
-0.36007 -0.0218162 -0.0937883 125 123 96
-0.359564 -0.0198606 -0.0930414 98 89 89
-0.36 -0.0178536 -0.0937191 88 78 92
-0.359965 -0.0158718 -0.0936844 151 151 117
-0.360403 -0.0138533 -0.0943645 159 153 118
-0.360842 -0.0118271 -0.0950471 146 131 103
-0.361761 -0.0097491 -0.0964547 158 63 69
-0.362205 -0.00770363 -0.0971448 176 66 76
-0.363618 -0.005546 -0.099301 165 120 106
-0.365047 -0.00336401 -0.101481 149 134 124
-0.366492 -0.00115727 -0.103686 144 112 109
-0.369467 0.00127283 -0.108206 162 80 88
-0.37251 0.00375896 -0.11283 189 78 88
-0.375094 0.00622558 -0.116759 201 83 95
-0.377728 0.00874061 -0.120765 200 82 88
-0.379318 0.0111283 -0.123191 188 82 83
-0.380927 0.0135446 -0.125645 177 69 73
-0.381998 0.0158912 -0.127286 155 61 65
-0.383077 0.0182568 -0.128939 97 46 38
-0.384165 0.0206416 -0.130605 52 37 30
-0.384693 0.022932 -0.131424 50 49 36
-0.385223 0.0252319 -0.132247 45 45 41
-0.385755 0.0275414 -0.133072 53 53 51
-0.387442 0.030118 -0.135647 73 81 76
-0.388566 0.0325912 -0.137367 86 99 91
-0.390287 0.0352257 -0.139994 98 113 106
-0.391433 0.0377459 -0.14175 109 116 109
-0.39319 0.04044 -0.144431 112 110 106
-0.378724 -0.0761549 -0.125328 126 146 124
-0.378144 -0.0739558 -0.124464 89 138 134
-0.377029 -0.0716913 -0.122784 72 137 137
-0.376992 -0.0695824 -0.122747 82 140 132
-0.375885 -0.067343 -0.121079 112 147 118
-0.374787 -0.0651205 -0.119425 135 153 106
-0.374223 -0.0629709 -0.118584 121 148 115
-0.372097 -0.0606745 -0.115362 85 151 145
-0.371028 -0.0585062 -0.113751 71 157 166
-0.370992 -0.0564398 -0.113715 73 155 160
-0.370955 -0.054373 -0.113679 86 161 165
-0.372991 -0.0524475 -0.116803 96 170 171
-0.375058 -0.0504918 -0.119976 96 171 171
-0.375553 -0.0484203 -0.12075 90 163 167
-0.375516 -0.0463162 -0.120713 79 154 157
-0.375479 -0.0442119 -0.120676 75 153 152
-0.373855 -0.0420596 -0.11822 83 148 144
-0.371732 -0.0399201 -0.115 118 155 132
-0.368121 -0.0377905 -0.109509 154 167 117
-0.365589 -0.035723 -0.105665 140 163 108
-0.362619 -0.0336938 -0.101153 124 161 132
-0.361141 -0.0316969 -0.0989169 131 162 136
-0.35968 -0.0297217 -0.0967053 91 152 143
-0.358703 -0.0277566 -0.0952328 78 137 146
-0.358199 -0.0257908 -0.0944833 99 99 117
-0.358165 -0.0238136 -0.0944488 123 75 83
-0.35813 -0.0218362 -0.0944144 140 87 77
-0.358095 -0.0198584 -0.0943799 125 106 93
-0.358529 -0.0178513 -0.0950602 112 92 96
-0.358964 -0.0158365 -0.0957429 142 128 105
-0.3594 -0.013814 -0.0964281 149 141 110
-0.360313 -0.0117434 -0.0978408 140 109 92
-0.360755 -0.00970168 -0.0985336 164 61 68
-0.361678 -0.00760378 -0.0999619 178 71 86
-0.362608 -0.00549009 -0.101401 160 126 114
-0.364033 -0.00330353 -0.103597 141 109 107
-0.365971 -0.00103064 -0.106575 161 80 86
-0.368952 0.00141031 -0.111146 187 74 86
-0.371481 0.0038354 -0.115029 199 81 97
-0.37406 0.00630775 -0.118986 198 80 88
-0.376689 0.00882865 -0.123022 194 84 84
-0.378276 0.0112218 -0.125466 180 73 83
-0.379882 0.0136436 -0.127939 168 62 70
-0.380951 0.0159954 -0.129592 119 52 59
-0.382028 0.0183663 -0.131258 67 35 30
-0.383113 0.0207565 -0.132937 45 35 29
-0.38364 0.023052 -0.133762 42 39 32
-0.383602 0.0252383 -0.133724 45 40 36
-0.3847 0.0276715 -0.135423 67 67 58
-0.385808 0.0301248 -0.137136 96 86 75
-0.386345 0.0324637 -0.137979 108 108 94
-0.389224 0.0353743 -0.142398 117 121 107
-0.389775 0.0377534 -0.143261 121 115 104
-0.392122 0.0406013 -0.146869 122 109 106
-0.375571 -0.078019 -0.124324 130 147 122
-0.37447 -0.075748 -0.12265 91 139 132
-0.374433 -0.0736477 -0.122614 74 136 136
-0.373341 -0.0714017 -0.120953 77 136 131
-0.373304 -0.0693089 -0.120917 112 141 109
-0.373267 -0.0672158 -0.12088 163 152 79
-0.372183 -0.0650023 -0.119233 184 156 67
-0.371626 -0.0628609 -0.118396 165 153 84
-0.369017 -0.0605231 -0.114402 113 152 126
-0.368472 -0.058414 -0.113583 74 155 165
-0.36793 -0.0563126 -0.112768 68 152 160
-0.368908 -0.0543349 -0.114294 71 149 155
-0.370408 -0.0523772 -0.116623 73 151 154
-0.372971 -0.0504603 -0.120589 73 151 155
-0.37346 -0.0483925 -0.121362 76 150 155
-0.373951 -0.0463164 -0.122139 74 151 153
-0.373914 -0.0442119 -0.122102 75 151 148
-0.373349 -0.0420911 -0.121253 79 147 143
-0.370704 -0.0399313 -0.117201 97 152 142
-0.367099 -0.0377973 -0.111671 121 158 129
-0.364572 -0.0357257 -0.107799 113 159 132
-0.361608 -0.0336926 -0.103255 125 167 121
-0.359657 -0.0316959 -0.10027 123 157 127
-0.358203 -0.0297204 -0.0980509 83 155 159
-0.356766 -0.0277663 -0.0958562 75 158 165
-0.356267 -0.0258039 -0.095107 139 152 155
-0.356232 -0.0238301 -0.0950727 122 123 123
-0.356661 -0.0218342 -0.0957531 122 74 77
-0.356626 -0.0198563 -0.0957187 131 70 78
-0.357057 -0.0178489 -0.0964015 135 82 76
-0.357489 -0.0158339 -0.0970867 136 102 93
-0.358393 -0.0137746 -0.0984994 135 109 92
-0.35883 -0.0117405 -0.0991922 154 77 74
-0.359744 -0.00965409 -0.10062 176 63 71
-0.360665 -0.00755195 -0.102059 181 75 95
-0.361593 -0.00543393 -0.103509 148 99 103
-0.363016 -0.00324283 -0.105721 154 77 82
-0.364454 -0.00102672 -0.107958 186 71 84
-0.366913 0.0013476 -0.111766 198 80 92
-0.369932 0.00383978 -0.11644 197 82 88
-0.372496 0.00631233 -0.120412 192 84 88
-0.375109 0.0088335 -0.124461 193 80 90
-0.37723 0.0113156 -0.127751 180 71 85
-0.378832 0.0137429 -0.130242 158 56 66
-0.379899 0.0161001 -0.131908 99 36 37
-0.381534 0.018581 -0.134449 54 35 25
-0.382057 0.020872 -0.135278 44 39 27
-0.382019 0.0230582 -0.13524 38 36 26
-0.382544 0.0253633 -0.136072 49 42 36
-0.383641 0.0278022 -0.137784 71 71 66
-0.384173 0.0301316 -0.138626 97 84 86
-0.38586 0.0327404 -0.14125 116 117 99
-0.388155 0.0355235 -0.144812 112 122 108
-0.388705 0.037908 -0.145682 111 122 106
-0.391048 0.0407633 -0.149317 139 132 106
-0.373472 -0.0779364 -0.124931 119 145 124
-0.371336 -0.0755087 -0.121635 83 136 132
-0.371299 -0.0734204 -0.121599 71 133 134
-0.370742 -0.0712598 -0.120756 86 134 123
-0.370705 -0.0691749 -0.120719 137 144 90
-0.370668 -0.0670897 -0.120683 187 156 55
-0.369598 -0.0648849 -0.119043 200 157 52
-0.369048 -0.0627517 -0.11821 183 161 73
-0.366977 -0.060474 -0.115015 125 156 121
-0.365936 -0.0583225 -0.113418 73 157 168
-0.365899 -0.0562713 -0.113382 63 152 163
-0.366868 -0.054297 -0.114908 65 146 154
-0.368354 -0.0523426 -0.117236 66 148 154
-0.370892 -0.0504289 -0.1212 68 148 156
-0.371899 -0.0483929 -0.122786 70 150 154
-0.372914 -0.0463408 -0.124383 71 151 153
-0.372876 -0.044232 -0.124347 70 151 153
-0.371787 -0.0420909 -0.122676 71 150 151
-0.369672 -0.0399426 -0.11941 75 153 155
-0.365573 -0.0377968 -0.113062 80 155 152
-0.363551 -0.0357285 -0.109942 84 157 154
-0.360593 -0.0336913 -0.105365 92 160 145
-0.358645 -0.0316908 -0.102359 85 158 151
-0.356726 -0.0297192 -0.0993968 74 159 166
-0.355297 -0.0277648 -0.0971948 75 161 172
-0.3548 -0.0258022 -0.0964434 124 175 176
-0.354765 -0.0238283 -0.0964092 93 152 158
-0.35473 -0.021854 -0.096375 91 127 125
-0.355157 -0.0198541 -0.0970577 104 93 107
-0.355585 -0.0178466 -0.0977431 129 57 65
-0.356014 -0.0158314 -0.0984308 135 67 68
-0.356913 -0.0137719 -0.0998485 143 69 68
-0.357347 -0.0117376 -0.100544 168 67 69
-0.358256 -0.00965097 -0.101977 189 73 69
-0.359171 -0.00754867 -0.103421 188 93 86
-0.360093 -0.00543046 -0.104876 167 72 86
-0.361507 -0.00323912 -0.107095 180 68 77
-0.362937 -0.00102284 -0.10934 194 79 94
-0.364881 0.00128517 -0.112385 196 79 88
-0.368383 0.00384412 -0.117852 193 83 84
-0.371454 0.00639481 -0.122651 189 85 94
-0.374063 0.00892189 -0.126731 191 89 104
-0.376179 0.0114098 -0.130044 186 84 89
-0.378329 0.0139375 -0.133411 134 54 66
-0.378843 0.0162051 -0.134233 84 32 29
-0.380474 0.0186919 -0.136794 58 44 27
-0.380997 0.0209879 -0.137629 43 38 23
-0.380958 0.0231786 -0.137591 41 33 23
-0.381482 0.0254889 -0.138429 59 51 38
-0.382009 0.0278088 -0.139271 82 77 70
-0.383679 0.0303981 -0.141894 95 93 101
-0.384791 0.0328832 -0.143647 105 114 106
-0.387083 0.0356733 -0.147236 112 123 108
-0.388222 0.0382115 -0.149033 126 123 110
-0.36875 -0.0753517 -0.121435 115 141 125
-0.368713 -0.0732712 -0.121399 87 132 128
-0.368163 -0.071119 -0.12056 84 130 118
-0.368126 -0.0690419 -0.120524 132 141 88
-0.368089 -0.0669645 -0.120488 186 154 59
-0.367033 -0.0647684 -0.118855 198 156 60
-0.366997 -0.0626983 -0.118819 171 157 82
-0.364446 -0.060375 -0.114844 111 152 130
-0.363418 -0.0582317 -0.113253 71 153 170
-0.363382 -0.0561881 -0.113218 62 147 159
-0.364836 -0.0542593 -0.115519 61 145 153
-0.365802 -0.0522731 -0.117056 63 146 154
-0.368306 -0.050366 -0.121003 65 146 155
-0.369299 -0.0483373 -0.122582 68 149 154
-0.370822 -0.0463168 -0.124991 68 152 155
-0.370263 -0.0441919 -0.124136 67 152 157
-0.369706 -0.0420749 -0.123285 67 152 156
-0.36761 -0.0399306 -0.120021 67 154 159
-0.364046 -0.0377962 -0.114454 67 157 162
-0.362036 -0.0357277 -0.111323 68 157 163
-0.359094 -0.0336904 -0.106731 71 158 164
-0.357158 -0.0316897 -0.103715 69 160 167
-0.355249 -0.0297179 -0.100743 69 161 169
-0.353828 -0.0277634 -0.0985337 70 161 169
-0.353334 -0.0258006 -0.0977799 82 162 167
-0.353299 -0.0238265 -0.0977458 75 152 158
-0.353722 -0.0218302 -0.0984312 81 158 156
-0.353687 -0.019852 -0.098397 89 150 154
-0.354112 -0.0178442 -0.0990849 110 72 91
-0.354539 -0.0158289 -0.0997752 133 53 56
-0.355432 -0.0137692 -0.101198 154 60 61
-0.355863 -0.0117347 -0.101896 176 70 76
-0.356767 -0.00964789 -0.103334 176 67 80
-0.357203 -0.00759393 -0.10404 175 100 82
-0.358593 -0.00542696 -0.106243 187 74 89
-0.359998 -0.00323545 -0.10847 191 70 78
-0.36142 -0.00101893 -0.110723 192 77 90
-0.363849 0.00135588 -0.114558 194 80 87
-0.367343 0.00392088 -0.120065 191 84 89
-0.370408 0.00647758 -0.1249 192 109 102
-0.373012 0.00901064 -0.129009 192 110 103
-0.375123 0.0115044 -0.132348 188 92 86
-0.37672 0.0139429 -0.134877 116 63 67
-0.377782 0.0163106 -0.136567 68 38 29
-0.378852 0.0186976 -0.138271 60 48 28
-0.379371 0.0209938 -0.13911 45 34 24
-0.379892 0.0232996 -0.139951 45 31 25
-0.380416 0.025615 -0.140796 68 57 46
-0.380941 0.02794 -0.141645 95 82 71
-0.382608 0.0305356 -0.144287 97 101 97
-0.383718 0.0330264 -0.146054 107 113 105
-0.386005 0.0358237 -0.14967 117 112 111
-0.387143 0.038368 -0.151481 150 130 114
-0.367164 -0.0732739 -0.12281 127 137 119
-0.36611 -0.0710502 -0.121165 96 127 117
-0.366073 -0.0689769 -0.12113 110 129 101
-0.366036 -0.0669033 -0.121094 148 144 86
-0.364488 -0.0646527 -0.118668 153 150 92
-0.364451 -0.0625904 -0.118633 124 145 115
-0.362426 -0.0603264 -0.115453 80 141 144
-0.360919 -0.0581416 -0.11309 66 143 156
-0.360882 -0.0561054 -0.113055 61 142 152
-0.361825 -0.054145 -0.114568 60 143 150
-0.362774 -0.0521695 -0.116093 63 144 152
-0.36574 -0.0503034 -0.120808 65 146 152
-0.366719 -0.0482822 -0.12238 65 147 154
-0.367193 -0.0462213 -0.123152 65 150 155
-0.367156 -0.0441324 -0.123116 67 151 156
-0.366608 -0.0420274 -0.122272 67 153 156
-0.365051 -0.0399071 -0.11983 66 154 160
-0.362025 -0.0377883 -0.115064 66 156 163
-0.360034 -0.0357235 -0.111935 66 157 166
-0.35712 -0.0336898 -0.107345 66 158 168
-0.355201 -0.0316926 -0.10433 65 159 170
-0.353772 -0.0297167 -0.102089 65 161 170
-0.352358 -0.027762 -0.0998729 64 159 165
-0.352323 -0.0257843 -0.0998388 66 153 159
-0.352288 -0.0238065 -0.0998047 72 153 155
-0.352253 -0.0218283 -0.0997706 79 159 160
-0.352217 -0.0198498 -0.0997365 80 166 175
-0.353099 -0.0178127 -0.101154 93 104 133
-0.353524 -0.0157934 -0.10185 139 54 59
-0.353951 -0.0137664 -0.102548 166 66 70
-0.354845 -0.0116911 -0.103986 178 75 88
-0.355746 -0.0096001 -0.105434 163 75 106
-0.356181 -0.00754209 -0.106146 162 70 67
-0.357092 -0.00542349 -0.10761 176 63 71
-0.35897 -0.00317449 -0.110608 180 63 71
-0.359902 -0.00101505 -0.112106 184 75 83
-0.362317 0.00135998 -0.115954 191 83 87
-0.366299 0.00399793 -0.122287 186 82 92
-0.368318 0.006404 -0.125509 189 94 97
-0.370896 0.00893158 -0.129616 190 96 93
-0.373524 0.0115094 -0.133805 186 87 84
-0.375111 0.0139482 -0.136343 117 75 77
-0.376166 0.0163161 -0.13804 70 48 35
-0.37723 0.0187034 -0.13975 67 58 42
-0.377746 0.0209998 -0.140591 58 45 31
-0.378263 0.0233058 -0.141436 53 43 30
-0.378783 0.0256214 -0.142284 72 64 51
-0.379868 0.0280718 -0.144028 93 85 72
-0.381533 0.0306736 -0.146691 94 105 95
-0.38264 0.0331704 -0.148471 109 105 101
-0.385509 0.0361191 -0.153045 134 118 107
-0.364064 -0.0709817 -0.121769 118 126 110
-0.364529 -0.0689792 -0.122536 93 118 109
-0.363489 -0.0667795 -0.120899 92 128 114
-0.361961 -0.064538 -0.118483 88 133 121
-0.361924 -0.0624833 -0.118448 72 132 136
-0.359926 -0.0602285 -0.115281 58 132 143
-0.35892 -0.0580975 -0.113699 58 137 144
-0.358884 -0.0560649 -0.113664 60 140 147
-0.359817 -0.0541078 -0.115176 60 143 148
-0.35978 -0.052067 -0.115141 61 144 150
-0.362199 -0.0501792 -0.119026 63 145 153
-0.363157 -0.0481728 -0.120579 62 147 155
-0.36362 -0.0461272 -0.121342 63 149 155
-0.363583 -0.044054 -0.121307 66 149 156
-0.363046 -0.041965 -0.120472 66 151 158
-0.36152 -0.039861 -0.118059 65 153 160
-0.359525 -0.037773 -0.114896 65 155 162
-0.358039 -0.0357193 -0.112545 65 156 166
-0.355623 -0.0336889 -0.108709 64 158 168
-0.353716 -0.0316915 -0.105684 63 158 169
-0.352755 -0.0297078 -0.104171 65 159 168
-0.351344 -0.0277494 -0.101939 67 158 164
-0.351308 -0.025768 -0.101905 74 154 161
-0.351273 -0.0237863 -0.101871 73 154 162
-0.351237 -0.0218044 -0.101837 77 162 168
-0.351202 -0.0198221 -0.101803 78 169 182
-0.352081 -0.017781 -0.103231 85 128 158
-0.352506 -0.0157578 -0.103932 150 62 68
-0.352931 -0.0137269 -0.104635 185 111 95
-0.353823 -0.0116473 -0.106083 188 100 104
-0.354722 -0.00955212 -0.107543 181 80 90
-0.355156 -0.00749004 -0.108259 166 62 66
-0.356539 -0.00531405 -0.110494 157 56 63
-0.357938 -0.0031133 -0.112754 164 58 67
-0.358868 -0.000949393 -0.114263 178 75 78
-0.361277 0.00143096 -0.118139 188 86 90
-0.364743 0.00400231 -0.123705 186 80 95
-0.36675 0.00640861 -0.126938 187 83 91
-0.369838 0.00902035 -0.131901 188 85 87
-0.371924 0.0115145 -0.135263 184 85 84
-0.373501 0.0139535 -0.13781 114 68 75
-0.375097 0.0164221 -0.140387 74 59 48
-0.376159 0.0188148 -0.14211 74 67 56
-0.377229 0.0212271 -0.143847 70 62 51
-0.377748 0.023543 -0.144702 70 61 50
-0.378269 0.0258686 -0.14556 78 71 61
-0.379356 0.0283302 -0.147325 87 82 73
-0.381024 0.0309444 -0.150019 100 98 88
-0.382134 0.0334528 -0.151821 126 113 99
-0.363023 -0.0710551 -0.123979 133 126 101
-0.361988 -0.0688477 -0.122336 100 112 102
-0.361455 -0.066719 -0.121501 74 117 117
-0.359941 -0.0644819 -0.119087 61 122 127
-0.359904 -0.0624308 -0.119052 56 123 131
-0.358408 -0.06023 -0.116665 55 129 136
-0.357408 -0.0580988 -0.115077 58 135 143
-0.356892 -0.0560245 -0.11427 60 140 145
-0.357335 -0.054033 -0.115007 61 141 145
-0.356819 -0.0519657 -0.1142 61 142 148
-0.35871 -0.0500569 -0.117271 64 148 155
-0.359159 -0.0480382 -0.118019 62 150 157
-0.3601 -0.0460345 -0.11956 60 148 156
-0.3586 -0.0439197 -0.117166 63 149 156
-0.358563 -0.0418734 -0.117131 65 149 158
-0.358043 -0.0398155 -0.116315 64 151 161
-0.357043 -0.0377578 -0.114728 62 155 163
-0.356052 -0.0357151 -0.113154 63 155 166
-0.353659 -0.0336883 -0.109319 64 158 167
-0.35223 -0.0316904 -0.107038 63 157 166
-0.351274 -0.0297065 -0.105521 70 154 164
-0.350325 -0.0277368 -0.104014 82 158 166
-0.350289 -0.0257516 -0.10398 81 167 172
-0.350254 -0.0237662 -0.103946 71 160 171
-0.350218 -0.0217804 -0.103912 75 167 179
-0.350183 -0.0197943 -0.103878 78 170 186
-0.35106 -0.0177491 -0.105316 87 140 168
-0.351483 -0.015722 -0.106022 172 75 79
-0.351907 -0.0136871 -0.10673 201 107 109
-0.353263 -0.0115622 -0.10894 196 93 103
-0.354162 -0.00945881 -0.110416 187 76 81
-0.354597 -0.00738868 -0.11114 179 72 76
-0.355982 -0.0052038 -0.1134 168 72 76
-0.357383 -0.00299397 -0.115684 174 74 75
-0.358314 -0.000821256 -0.11721 184 80 80
-0.361223 0.00163719 -0.121929 192 97 98
-0.365219 0.00430028 -0.128404 185 84 106
-0.366726 0.0066488 -0.130861 187 87 88
-0.369303 0.0091941 -0.135046 186 86 84
-0.371931 0.0117903 -0.139314 159 83 81
-0.372973 0.0141498 -0.141022 104 68 70
-0.374572 0.0166296 -0.143629 78 69 60
-0.375636 0.019033 -0.145373 90 81 66
-0.376708 0.0214561 -0.14713 98 87 72
-0.377228 0.0237821 -0.147995 109 97 77
-0.377749 0.0261179 -0.148863 114 101 81
-0.378839 0.0285907 -0.150649 118 106 85
-0.38051 0.0312176 -0.153375 133 119 97
-0.363019 -0.0733577 -0.127864 148 138 106
-0.361479 -0.0710576 -0.125386 142 129 100
-0.36045 -0.0688499 -0.123737 121 111 96
-0.359429 -0.0666587 -0.122102 89 110 107
-0.357929 -0.064426 -0.119689 65 121 123
-0.357409 -0.062325 -0.118867 57 126 130
-0.35641 -0.060182 -0.117268 58 130 137
-0.355419 -0.0580548 -0.115681 60 134 140
-0.354908 -0.0559843 -0.114874 61 136 141
-0.355346 -0.0539962 -0.115611 63 137 142
-0.354362 -0.0518991 -0.114036 65 142 148
-0.354799 -0.0499064 -0.11477 65 149 157
-0.355236 -0.0479061 -0.115507 60 145 159
-0.355676 -0.045898 -0.116247 59 146 153
-0.355164 -0.0438445 -0.115438 62 148 154
-0.355127 -0.0418133 -0.115403 63 148 156
-0.354617 -0.0397708 -0.114597 63 151 159
-0.354108 -0.0377355 -0.113794 61 155 163
-0.353133 -0.0357041 -0.112232 62 155 166
-0.352164 -0.0336874 -0.110681 63 157 166
-0.351203 -0.0316853 -0.109141 63 154 164
-0.35025 -0.0296976 -0.107613 73 158 161
-0.349757 -0.0277129 -0.106836 99 180 168
-0.349721 -0.0257203 -0.106802 81 168 169
-0.349686 -0.0237273 -0.106768 71 166 178
-0.349195 -0.0217563 -0.105994 73 170 185
-0.34916 -0.0197664 -0.10596 77 171 189
-0.350034 -0.0177172 -0.107409 96 143 169
-0.350456 -0.0156861 -0.10812 187 91 91
-0.35134 -0.0136099 -0.109584 200 91 119
-0.352697 -0.0114766 -0.111818 195 79 94
-0.353598 -0.00936478 -0.11331 186 74 83
-0.354506 -0.00723687 -0.114813 186 78 82
-0.355899 -0.00503863 -0.117106 184 86 84
-0.357792 -0.00275634 -0.120216 188 85 82
-0.359222 -0.000502557 -0.12257 189 78 82
-0.361167 0.00184584 -0.125763 193 91 92
-0.365186 0.00452794 -0.132336 184 88 97
-0.366701 0.00689177 -0.134831 186 88 85
-0.369293 0.0094548 -0.13908 165 88 80
-0.371396 0.0119777 -0.142532 129 92 81
-0.37244 0.0143476 -0.144261 93 75 80
-0.374043 0.0168388 -0.146898 93 81 68
-0.375108 0.019253 -0.148662 113 99 78
-0.364033 -0.0758495 -0.133464 138 119 99
-0.362472 -0.0735128 -0.130929 132 125 100
-0.360929 -0.0712028 -0.128424 146 141 100
-0.359404 -0.068919 -0.125947 138 122 94
-0.357896 -0.0666608 -0.123498 112 107 97
-0.356405 -0.0644279 -0.121077 81 113 113
-0.355408 -0.0622731 -0.119467 63 126 129
-0.354419 -0.0601342 -0.117869 59 130 135
-0.352967 -0.057966 -0.115511 59 132 137
-0.352462 -0.0559032 -0.114708 59 132 137
-0.352894 -0.0539221 -0.115442 64 136 140
-0.351923 -0.0518329 -0.113874 71 142 150
-0.351887 -0.0498177 -0.113839 63 134 154
-0.352317 -0.0478282 -0.114571 56 136 150
-0.35228 -0.0458087 -0.114536 58 144 149
-0.352244 -0.0437889 -0.114502 60 146 152
-0.352208 -0.0417688 -0.114467 61 146 155
-0.351241 -0.0397267 -0.112905 60 151 158
-0.351205 -0.0377135 -0.112871 61 155 161
-0.350706 -0.0356966 -0.112077 62 156 163
-0.350209 -0.0336869 -0.111286 61 156 162
-0.349714 -0.0316843 -0.110499 64 152 161
-0.349221 -0.0296887 -0.109714 91 158 161
-0.34873 -0.0277002 -0.108931 95 169 165
-0.34824 -0.0257187 -0.108152 79 161 158
-0.348204 -0.0237255 -0.108118 71 170 181
-0.348168 -0.0217321 -0.108084 71 171 187
-0.348132 -0.0197384 -0.10805 77 170 190
-0.349005 -0.0176852 -0.109509 109 141 170
-0.349425 -0.0156501 -0.110226 189 96 96
-0.350307 -0.0135697 -0.111701 195 88 107
-0.352128 -0.0113902 -0.114718 192 79 87
-0.353502 -0.00922395 -0.117002 189 78 83
-0.354414 -0.00708337 -0.118527 188 82 86
-0.356296 -0.00481666 -0.121648 188 85 87
-0.357718 -0.00257481 -0.124011 191 82 83
-0.359155 -0.000306834 -0.126401 190 73 83
-0.361111 0.00205686 -0.129642 189 83 84
-0.364635 0.00468266 -0.135464 184 86 83
-0.366676 0.00713762 -0.138847 167 86 81
-0.36875 0.00963199 -0.142285 129 77 75
-0.370857 0.0121666 -0.145777 104 86 81
-0.372449 0.0146446 -0.148424 97 82 81
-0.373508 0.0170497 -0.150194 113 98 79
-0.363997 -0.0760984 -0.137429 118 104 88
-0.362427 -0.0737465 -0.134857 126 118 93
-0.360375 -0.0713492 -0.131485 149 142 101
-0.357863 -0.0689212 -0.127352 148 132 98
-0.356363 -0.0666629 -0.124895 135 116 94
-0.354881 -0.0644298 -0.122467 109 106 98
-0.353415 -0.0622215 -0.120065 79 114 115
-0.352435 -0.0600866 -0.118468 64 124 129
-0.351462 -0.0579673 -0.116882 59 128 133
-0.350497 -0.0558634 -0.115309 58 128 133
-0.35046 -0.0538487 -0.115274 64 133 136
-0.349502 -0.0517672 -0.113712 69 136 145
-0.349007 -0.04973 -0.112919 60 124 143
-0.348971 -0.0477255 -0.112885 57 135 141
-0.348935 -0.0457207 -0.112851 58 142 147
-0.348898 -0.0437157 -0.112817 59 145 149
-0.348406 -0.0416959 -0.112026 60 146 152
-0.34837 -0.0396939 -0.111992 63 150 154
-0.348333 -0.0376917 -0.111958 72 155 153
-0.348297 -0.0356891 -0.111924 70 156 152
-0.347806 -0.0336866 -0.111137 64 153 156
-0.34777 -0.0316872 -0.111103 66 152 160
-0.347734 -0.0296874 -0.111069 93 156 163
-0.347245 -0.0276987 -0.110284 79 152 160
-0.347209 -0.0257021 -0.11025 74 163 165
-0.347173 -0.0237051 -0.110216 70 172 183
-0.347137 -0.0217079 -0.110182 71 172 188
-0.347101 -0.0197103 -0.110148 78 170 191
-0.347971 -0.017653 -0.111618 128 135 170
-0.348391 -0.0156139 -0.112339 187 90 98
-0.34927 -0.0135294 -0.113825 193 83 89
-0.351554 -0.0113032 -0.11764 191 80 84
-0.353404 -0.00908157 -0.120736 190 82 83
-0.3548 -0.00687707 -0.12308 190 83 85
-0.356213 -0.00464709 -0.125451 188 83 86
-0.357642 -0.00239116 -0.12785 189 80 84
-0.361092 0.000153338 -0.133602 188 77 85
-0.362067 0.00241125 -0.135249 186 85 85
-0.364598 0.00491481 -0.139477 165 83 81
-0.366125 0.00730474 -0.142039 131 73 78
-0.368736 0.00989791 -0.146403 99 72 79
-0.370313 0.0123571 -0.149048 96 80 77
-0.371361 0.014748 -0.150817 114 96 80
-0.363445 -0.0762669 -0.14058 100 93 83
-0.361364 -0.0738268 -0.137131 120 113 89
-0.359816 -0.0714967 -0.134571 147 139 100
-0.356809 -0.0689905 -0.129573 151 136 100
-0.355313 -0.0667273 -0.127099 148 132 100
-0.353357 -0.0644317 -0.123856 134 119 95
-0.35143 -0.0621701 -0.120661 106 107 97
-0.350458 -0.0600392 -0.119065 80 111 113
-0.349034 -0.0578791 -0.116709 65 122 126
-0.348538 -0.0558238 -0.115907 60 125 129
-0.347588 -0.053739 -0.114346 59 127 131
-0.346646 -0.0516692 -0.112796 59 131 134
-0.346609 -0.0496722 -0.112762 56 129 136
-0.346123 -0.0476496 -0.111975 60 139 144
-0.346086 -0.0456557 -0.111941 60 142 148
-0.345601 -0.0436435 -0.111157 60 142 147
-0.345565 -0.0416527 -0.111123 67 143 144
-0.345529 -0.0396616 -0.111089 91 149 133
-0.345493 -0.0376701 -0.111055 118 155 124
-0.345457 -0.0356784 -0.111022 111 153 124
-0.345421 -0.0336864 -0.110988 80 152 144
-0.345385 -0.0316941 -0.110954 72 159 162
-0.345349 -0.0297015 -0.11092 75 161 165
-0.345313 -0.0277086 -0.110887 69 161 164
-0.345277 -0.0257154 -0.110853 70 167 177
-0.34524 -0.0237219 -0.110819 70 171 185
-0.345204 -0.0217282 -0.110785 72 173 189
-0.345616 -0.0197082 -0.111502 83 172 188
-0.346029 -0.0176804 -0.112221 145 126 160
-0.347808 -0.0155437 -0.115225 187 85 94
-0.348689 -0.013451 -0.116727 190 80 86
-0.351445 -0.011173 -0.12137 189 81 83
-0.353304 -0.00893758 -0.124513 190 85 83
-0.355193 -0.00666766 -0.127703 190 84 83
-0.357603 -0.00430568 -0.131769 187 83 85
-0.359057 -0.00202134 -0.134232 186 78 84
-0.362054 0.000490955 -0.139281 185 83 86
-0.362528 0.0027006 -0.140104 163 82 79
-0.365083 0.0052271 -0.144414 130 72 76
-0.366624 0.0076382 -0.147026 99 67 84
-0.368722 0.0101671 -0.150571 94 80 80
-0.369764 0.012549 -0.152346 113 97 79
-0.362888 -0.0764368 -0.143756 93 85 78
-0.361312 -0.0740641 -0.141127 114 101 82
-0.358751 -0.0715721 -0.136836 144 133 98
-0.35624 -0.0691277 -0.132628 149 135 101
-0.354258 -0.066792 -0.129312 149 136 101
-0.351832 -0.0644335 -0.125246 146 135 101
-0.349916 -0.0621718 -0.122041 135 119 94
-0.348489 -0.0599919 -0.11966 110 104 95
-0.347534 -0.0578804 -0.118076 84 109 111
-0.346586 -0.0557843 -0.116504 68 120 123
-0.345196 -0.0536669 -0.114184 59 124 127
-0.344711 -0.0516373 -0.113394 55 126 130
-0.344229 -0.0496149 -0.112607 57 131 137
-0.343305 -0.0475745 -0.111075 67 141 145
-0.342828 -0.04557 -0.110297 78 148 150
-0.342792 -0.0435901 -0.110263 73 148 145
-0.342316 -0.0415959 -0.109487 89 140 123
-0.34228 -0.0396191 -0.109454 146 156 93
-0.342684 -0.0376488 -0.110163 181 161 80
-0.342648 -0.0356678 -0.110129 169 155 87
-0.343053 -0.0336861 -0.110841 118 156 124
-0.343017 -0.0317009 -0.110807 81 166 167
-0.343423 -0.0297078 -0.111521 65 162 169
-0.342944 -0.0277296 -0.11074 66 164 171
-0.342908 -0.0257435 -0.110707 70 167 177
-0.343314 -0.0237387 -0.11142 71 172 186
-0.343278 -0.0217484 -0.111387 73 174 191
-0.344131 -0.019706 -0.112855 92 172 184
-0.34499 -0.0176483 -0.114335 156 109 136
-0.346764 -0.0155072 -0.117361 187 81 84
-0.348102 -0.0133721 -0.119651 186 81 85
-0.350862 -0.0110844 -0.124345 181 80 84
-0.353204 -0.00879191 -0.128333 170 82 82
-0.35559 -0.006455 -0.132397 170 78 80
-0.359025 -0.00395627 -0.138234 178 75 82
-0.360504 -0.0016428 -0.140764 183 80 84
-0.362516 0.000766674 -0.144197 161 79 82
-0.364036 0.00314113 -0.146797 124 74 70
-0.365575 0.00554441 -0.14943 101 66 74
-0.366598 0.00789301 -0.15119 94 79 83
-0.368167 0.01035 -0.153875 113 95 78
-0.362326 -0.076608 -0.146958 96 85 74
-0.360238 -0.0741456 -0.143432 108 88 71
-0.358182 -0.0717213 -0.139961 137 122 89
-0.355177 -0.0691978 -0.134872 146 132 98
-0.353199 -0.0668569 -0.131533 149 134 99
-0.350778 -0.0644932 -0.127438 149 138 101
-0.348866 -0.0622265 -0.124211 147 134 100
-0.347442 -0.0600422 -0.121814 139 121 95
-0.346489 -0.0579264 -0.120219 116 105 96
-0.345092 -0.0557854 -0.117866 89 106 108
-0.344156 -0.0537042 -0.116301 68 121 121
-0.343228 -0.051638 -0.114747 58 127 130
-0.342306 -0.0495867 -0.113204 58 131 135
-0.341391 -0.0475499 -0.111673 70 138 143
-0.340918 -0.0455489 -0.110894 96 154 151
-0.340882 -0.0435725 -0.110861 95 162 145
-0.339977 -0.0415677 -0.109346 120 144 102
-0.339941 -0.0395979 -0.109313 186 166 59
-0.339905 -0.0376277 -0.10928 206 165 54
-0.340302 -0.0356605 -0.109986 201 168 64
-0.340701 -0.0336859 -0.110695 155 159 104
-0.341102 -0.0317038 -0.111406 87 163 168
-0.341504 -0.0297142 -0.11212 61 164 177
-0.34103 -0.0277394 -0.111339 65 165 175
-0.341431 -0.0257419 -0.112053 72 169 181
-0.341834 -0.0237369 -0.112769 72 173 189
-0.341798 -0.0217464 -0.112735 79 175 196
-0.343089 -0.0196778 -0.114967 104 171 184
-0.343946 -0.017616 -0.116457 166 92 108
-0.346171 -0.0154362 -0.120282 188 88 90
-0.347511 -0.0132925 -0.122598 173 73 77
-0.350747 -0.0109517 -0.12815 149 64 72
-0.353101 -0.00864457 -0.132197 123 63 61
-0.355501 -0.00629248 -0.136322 123 64 63
-0.359462 -0.00371751 -0.143113 140 60 69
-0.360954 -0.00138415 -0.145692 152 72 75
-0.362986 0.00104678 -0.149191 118 77 73
-0.364521 0.00344215 -0.151843 95 72 68
-0.365542 0.00578689 -0.153616 91 80 76
-0.36657 0.0081509 -0.155404 110 94 79
-0.360729 -0.0766109 -0.148414 103 90 76
-0.359159 -0.0742275 -0.145747 92 75 64
-0.35661 -0.0717238 -0.141394 118 104 78
-0.354109 -0.0692681 -0.137126 141 127 93
-0.352136 -0.0669221 -0.133763 148 133 97
-0.350192 -0.0646113 -0.130451 147 136 100
-0.348277 -0.0623351 -0.127189 146 137 103
-0.346392 -0.0600925 -0.123976 149 139 104
-0.345441 -0.0579725 -0.12237 143 127 100
-0.344046 -0.0558271 -0.120001 120 103 93
-0.343113 -0.0537417 -0.118425 91 97 98
-0.342186 -0.0516714 -0.11686 70 115 119
-0.341266 -0.049616 -0.115307 60 126 132
-0.340353 -0.0475753 -0.113765 62 132 138
-0.339447 -0.0455491 -0.112235 73 139 144
-0.338978 -0.0435548 -0.111457 87 149 139
-0.338081 -0.0415536 -0.109943 126 143 99
-0.338046 -0.0395871 -0.10991 190 165 59
-0.33801 -0.0376204 -0.109877 205 164 56
-0.337974 -0.0356533 -0.109844 200 169 69
-0.338367 -0.0336857 -0.11055 154 163 112
-0.339194 -0.0317067 -0.112003 89 166 174
-0.339157 -0.029728 -0.111969 62 163 180
-0.339555 -0.0277379 -0.112683 68 165 182
-0.339954 -0.0257403 -0.113399 81 172 191
-0.340354 -0.0237351 -0.114118 76 173 192
-0.341196 -0.0216999 -0.115597 91 176 198
-0.342489 -0.0196232 -0.117852 124 160 178
-0.343346 -0.0175534 -0.119359 177 103 103
-0.345574 -0.0153647 -0.123225 181 120 116
-0.346915 -0.0132124 -0.125566 140 54 63
-0.350156 -0.0108614 -0.131179 98 50 53
-0.352998 -0.00849553 -0.136106 81 49 40
-0.35541 -0.00612808 -0.140294 85 58 48
-0.359904 -0.00347498 -0.148069 95 59 57
-0.361412 -0.00112138 -0.150698 96 57 60
-0.363463 0.00133139 -0.154266 90 78 67
-0.364481 0.0036722 -0.156053 90 79 73
-0.365507 0.00603234 -0.157854 110 95 79
-0.359132 -0.0766138 -0.149869 116 105 81
-0.357571 -0.0742302 -0.147194 83 80 65
-0.355532 -0.0718002 -0.143687 98 88 64
-0.353037 -0.0693388 -0.139388 130 115 81
-0.351068 -0.0669875 -0.136002 144 130 95
-0.349128 -0.0646716 -0.132667 145 131 99
-0.347684 -0.0624444 -0.13019 146 134 101
-0.345795 -0.0601925 -0.126942 149 139 101
-0.344843 -0.0580639 -0.12532 149 140 101
-0.343446 -0.0559099 -0.122925 125 111 89
-0.342065 -0.0537794 -0.120557 96 71 70
-0.341141 -0.051705 -0.118982 89 83 84
-0.340223 -0.0496454 -0.117418 76 107 114
-0.338877 -0.0475756 -0.115111 65 126 128
-0.337546 -0.0455281 -0.112829 59 129 134
-0.337081 -0.0435373 -0.112051 70 128 126
-0.336193 -0.0415396 -0.110538 108 136 104
-0.336157 -0.0395765 -0.110505 170 157 77
-0.335697 -0.0376063 -0.109736 185 166 74
-0.335661 -0.0356462 -0.109704 171 163 93
-0.336474 -0.0336851 -0.111145 119 161 143
-0.336864 -0.0317134 -0.111854 81 166 187
-0.337685 -0.0297267 -0.113311 69 160 177
-0.337649 -0.0277476 -0.113278 90 170 187
-0.338476 -0.0257387 -0.114746 107 188 201
-0.33931 -0.0237147 -0.116224 85 173 195
-0.340149 -0.0216755 -0.117714 101 180 192
-0.341438 -0.0195947 -0.119985 151 145 162
-0.342742 -0.0174904 -0.122282 183 144 130
-0.344972 -0.0152927 -0.126191 149 135 129
-0.346315 -0.0131317 -0.128558 99 40 51
-0.34956 -0.0107704 -0.134232 72 58 47
-0.35192 -0.0084433 -0.13837 66 60 48
-0.355318 -0.00596174 -0.144312 72 67 56
-0.359323 -0.0033504 -0.151311 84 72 60
-0.360832 -0.000986442 -0.15397 82 72 61
-0.361836 0.00133556 -0.155749 86 74 66
-0.363376 0.00375247 -0.158462 109 90 75
-0.356485 -0.0743124 -0.149521 105 94 70
-0.35445 -0.0718768 -0.145989 84 76 59
-0.351961 -0.0694097 -0.14166 105 88 66
-0.349996 -0.0670531 -0.138249 134 117 85
-0.348532 -0.0647911 -0.135717 142 131 96
-0.347085 -0.0625545 -0.133214 144 134 98
-0.344735 -0.0602435 -0.129127 146 136 98
-0.343785 -0.0581105 -0.127493 138 135 98
-0.342391 -0.055952 -0.125082 108 99 77
-0.341013 -0.0538172 -0.122698 78 54 46
-0.340091 -0.0517386 -0.121112 86 58 49
-0.339175 -0.049675 -0.119538 104 76 77
-0.3374 -0.047576 -0.116457 91 103 107
-0.336077 -0.0455283 -0.114167 74 119 123
-0.335615 -0.0435373 -0.113388 71 125 127
-0.334311 -0.0415256 -0.111131 82 128 122
-0.333855 -0.0395556 -0.110362 117 140 108
-0.333819 -0.0375991 -0.11033 124 153 105
-0.333783 -0.0356423 -0.110297 106 154 133
-0.334167 -0.0336849 -0.111 80 158 172
-0.334974 -0.0317163 -0.112447 75 166 189
-0.335786 -0.029733 -0.113904 78 160 176
-0.336177 -0.0277462 -0.11462 128 182 192
-0.33743 -0.0257222 -0.116849 128 212 209
-0.338261 -0.0236943 -0.118339 97 173 198
-0.339537 -0.0216285 -0.12061 112 182 192
-0.340827 -0.0195395 -0.122906 171 154 152
-0.342132 -0.0174269 -0.125228 156 147 136
-0.344365 -0.0152201 -0.129179 97 72 88
-0.345709 -0.0130503 -0.131572 73 57 50
-0.348483 -0.0107231 -0.136475 68 57 54
-0.350838 -0.00839088 -0.140642 62 60 47
-0.354227 -0.00590354 -0.146627 63 60 49
-0.358223 -0.00328587 -0.153677 80 70 58
-0.359729 -0.000916554 -0.156356 92 80 66
-0.360729 0.0014106 -0.158148 109 91 71
-0.352871 -0.0718793 -0.147429 97 81 66
-0.35088 -0.0694809 -0.14394 85 72 58
-0.348919 -0.0671191 -0.140506 105 92 71
-0.347931 -0.0649115 -0.138791 132 120 88
-0.346015 -0.0626108 -0.135435 143 133 95
-0.344128 -0.0603445 -0.13213 144 135 97
-0.343177 -0.058203 -0.130479 129 130 98
-0.341332 -0.0559944 -0.127247 96 92 71
-0.340401 -0.0538923 -0.125633 68 52 39
-0.339037 -0.0517724 -0.12325 81 61 47
-0.338123 -0.0497047 -0.121665 121 84 71
-0.336353 -0.0476014 -0.118563 128 93 88
-0.335033 -0.0455496 -0.116258 114 87 92
-0.334148 -0.0435373 -0.114724 93 106 110
-0.332852 -0.0415254 -0.11246 81 119 119
-0.332399 -0.0395553 -0.11169 82 122 120
-0.331948 -0.0375919 -0.110921 75 126 134
-0.331912 -0.0356384 -0.110889 68 138 151
-0.332291 -0.0336843 -0.111592 83 155 172
-0.333089 -0.0317191 -0.113038 105 182 191
-0.334741 -0.0297243 -0.115995 84 158 177
-0.33513 -0.0277336 -0.116716 104 182 190
-0.336379 -0.0257056 -0.118961 96 178 197
-0.337643 -0.023655 -0.121232 107 177 197
-0.33892 -0.0215812 -0.123527 141 174 181
-0.340212 -0.019484 -0.125849 155 152 136
-0.341518 -0.0173629 -0.128196 106 79 92
-0.343295 -0.0151824 -0.131379 72 70 63
-0.344636 -0.013008 -0.133789 73 79 64
-0.347403 -0.0106757 -0.138727 52 45 52
-0.34927 -0.00838763 -0.142071 49 38 35
-0.353132 -0.00584511 -0.148952 63 55 43
-0.357118 -0.00322105 -0.156053 77 72 58
-0.358104 -0.000912596 -0.157837 105 89 73
-0.351781 -0.0719562 -0.149743 116 100 76
-0.349794 -0.0695524 -0.14623 89 75 63
-0.347838 -0.0671853 -0.142772 82 69 60
-0.346852 -0.064973 -0.141045 98 88 71
-0.345406 -0.0627222 -0.138497 126 117 85
-0.343517 -0.0604463 -0.135156 141 131 93
-0.342109 -0.0582501 -0.132674 137 127 96
-0.340717 -0.0560784 -0.130221 106 99 78
-0.33934 -0.0539305 -0.127795 70 65 54
-0.338419 -0.0518396 -0.126182 86 77 60
-0.337067 -0.0497344 -0.1238 132 121 87
-0.335731 -0.0476522 -0.121445 148 137 102
-0.33441 -0.0455925 -0.119116 145 111 91
-0.333524 -0.0435725 -0.117566 133 86 80
-0.332227 -0.041553 -0.115279 118 78 86
-0.330943 -0.0395549 -0.113017 97 97 102
-0.330494 -0.0375913 -0.112246 74 113 118
-0.330458 -0.0356377 -0.112214 64 132 132
-0.330422 -0.0336838 -0.112182 69 145 154
-0.331627 -0.031718 -0.11437 78 156 171
-0.333691 -0.0297155 -0.118093 70 157 174
-0.334505 -0.0277097 -0.119582 75 165 182
-0.335755 -0.025674 -0.121852 84 172 191
-0.33702 -0.0236154 -0.124147 106 185 194
-0.338298 -0.0215335 -0.126467 148 159 154
-0.339591 -0.019428 -0.128814 109 77 85
-0.340899 -0.0172984 -0.131187 93 85 65
-0.342678 -0.015109 -0.134404 81 85 81
-0.34402 -0.0129257 -0.13684 58 46 48
-0.346318 -0.010628 -0.140987 51 41 37
-0.34866 -0.00828539 -0.145214 75 66 58
-0.352033 -0.00578642 -0.151286 85 84 71
-0.356009 -0.00315601 -0.158439 101 87 70
-0.348704 -0.0696241 -0.148529 106 94 76
-0.346753 -0.0672517 -0.145046 86 73 61
-0.345769 -0.0650348 -0.143307 80 67 52
-0.344326 -0.0627791 -0.140742 100 86 62
-0.342441 -0.0604982 -0.137377 129 115 83
-0.34149 -0.0583436 -0.135697 141 131 95
-0.339648 -0.0561211 -0.132409 133 125 95
-0.338718 -0.0540065 -0.130766 108 109 82
-0.337795 -0.0519073 -0.129135 105 108 78
-0.336879 -0.0498233 -0.127517 138 129 93
-0.335537 -0.0477289 -0.125129 154 143 104
-0.333781 -0.0456356 -0.121996 157 144 107
-0.332895 -0.0436079 -0.12043 156 134 106
-0.331178 -0.0415667 -0.117365 148 107 90
-0.330311 -0.0395751 -0.115833 135 84 82
-0.32945 -0.0375975 -0.114312 114 80 96
-0.329414 -0.0356402 -0.11428 87 118 119
-0.329377 -0.0336826 -0.114247 69 144 145
-0.330995 -0.0317091 -0.117202 65 156 162
-0.333061 -0.029699 -0.120965 65 159 170
-0.333875 -0.0276857 -0.122469 75 164 182
-0.335559 -0.0256269 -0.125545 110 170 192
-0.33683 -0.0235564 -0.127873 120 159 175
-0.338114 -0.0214623 -0.130228 96 106 107
-0.338966 -0.0193716 -0.131801 69 49 43
-0.340274 -0.0172335 -0.1342 72 63 63
-0.341598 -0.0150707 -0.136626 57 54 70
-0.342937 -0.0128829 -0.13908 47 47 41
-0.344759 -0.010625 -0.142408 77 77 65
-0.348045 -0.0081824 -0.148383 106 100 84
-0.350929 -0.00572753 -0.15363 111 109 94
-0.354387 -0.00315223 -0.159917 123 99 80
-0.34519 -0.0672538 -0.14647 105 92 71
-0.344212 -0.0650367 -0.144726 86 72 57
-0.343242 -0.0628362 -0.142995 82 68 54
-0.341819 -0.0606012 -0.140441 97 85 63
-0.340413 -0.0583913 -0.137916 122 111 80
-0.339022 -0.0562061 -0.135419 138 127 92
-0.337647 -0.0540451 -0.132951 138 132 96
-0.337167 -0.0519755 -0.132112 137 133 96
-0.33625 -0.0498833 -0.130476 146 136 98
-0.334906 -0.0477806 -0.128062 153 142 103
-0.333149 -0.0456791 -0.124897 157 145 106
-0.332261 -0.0436436 -0.123315 159 146 108
-0.330961 -0.0416086 -0.12098 158 144 106
-0.329674 -0.0395954 -0.11867 158 148 114
-0.329224 -0.0376172 -0.117884 158 141 112
-0.329188 -0.0356491 -0.117851 147 136 112
-0.329151 -0.0336807 -0.117819 114 139 127
-0.330776 -0.0316963 -0.120816 76 150 156
-0.332851 -0.0296747 -0.124633 68 157 170
-0.333669 -0.0276501 -0.126159 77 167 186
-0.335361 -0.0255793 -0.12928 111 192 191
-0.337078 -0.0234773 -0.132447 105 148 134
-0.337927 -0.0213903 -0.134031 70 59 45
-0.338783 -0.0192873 -0.135628 60 45 45
-0.339194 -0.0171996 -0.136414 57 62 59
-0.340514 -0.0150324 -0.138857 53 48 42
-0.341849 -0.0128399 -0.141329 75 83 69
-0.344134 -0.0105322 -0.145535 101 116 91
-0.346944 -0.00812893 -0.150698 115 110 98
-0.350312 -0.00561255 -0.156882 109 106 99
-0.352262 -0.00320977 -0.160478 136 118 90
-0.343121 -0.0650986 -0.147 105 94 71
-0.342153 -0.0628935 -0.145258 85 75 59
-0.340734 -0.0606538 -0.142686 79 70 51
-0.339784 -0.0584859 -0.140976 89 81 54
-0.337943 -0.0562494 -0.137629 114 106 75
-0.337015 -0.0541219 -0.135958 137 127 93
-0.336093 -0.0520101 -0.134299 147 133 97
-0.335178 -0.0499138 -0.132653 149 136 98
-0.33427 -0.0478327 -0.131018 151 140 104
-0.332939 -0.0457448 -0.128606 153 144 108
-0.331622 -0.0436796 -0.126221 155 147 111
-0.33032 -0.0416367 -0.123861 159 146 110
-0.329448 -0.0396264 -0.122292 165 153 117
-0.328996 -0.0376371 -0.121495 167 158 125
-0.328959 -0.0356581 -0.121463 160 160 133
-0.328922 -0.0336788 -0.12143 156 157 135
-0.330554 -0.0316833 -0.12447 128 157 155
-0.332638 -0.0296502 -0.128342 83 158 172
-0.33346 -0.027614 -0.129891 88 168 177
-0.33516 -0.0255312 -0.133057 123 156 155
-0.336442 -0.0234364 -0.135454 83 64 79
-0.337292 -0.0213412 -0.137056 46 38 33
-0.337253 -0.0192851 -0.137022 62 59 42
-0.338559 -0.0171339 -0.139465 49 40 40
-0.339426 -0.0149939 -0.141097 71 77 66
-0.340757 -0.0127968 -0.143586 71 109 94
-0.343505 -0.0104387 -0.148687 104 112 105
-0.346318 -0.00802469 -0.153907 117 112 109
-0.349198 -0.00555295 -0.159251 129 101 104
-0.34106 -0.0629511 -0.147529 108 95 75
-0.339644 -0.0607065 -0.14494 86 76 60
-0.338244 -0.0584872 -0.142379 78 70 51
-0.33686 -0.0562928 -0.139848 86 78 57
-0.335934 -0.054161 -0.138165 112 99 76
-0.335014 -0.0520449 -0.136495 139 122 91
-0.334538 -0.0499744 -0.135648 148 134 96
-0.333195 -0.0478591 -0.133192 152 138 103
-0.332296 -0.045789 -0.131559 152 143 108
-0.330978 -0.0437158 -0.129148 151 147 109
-0.330095 -0.0416794 -0.127545 161 147 109
-0.329219 -0.0396577 -0.125954 171 157 119
-0.328765 -0.0376573 -0.125146 177 162 126
-0.328727 -0.0356672 -0.125113 172 162 132
-0.32869 -0.0336768 -0.125081 179 177 143
-0.33033 -0.0316701 -0.128165 181 188 160
-0.331994 -0.0296333 -0.131294 172 186 169
-0.333248 -0.0275775 -0.133664 163 175 163
-0.334517 -0.0254983 -0.13606 113 125 124
-0.335358 -0.0234149 -0.137662 69 33 35
-0.336205 -0.0213155 -0.139275 46 37 32
-0.336612 -0.0192276 -0.14007 45 38 37
-0.337469 -0.0170997 -0.141701 64 61 47
-0.338787 -0.014919 -0.144189 88 101 85
-0.340119 -0.0127129 -0.146706 103 114 109
-0.34287 -0.0103444 -0.151863 119 119 103
-0.345687 -0.00791963 -0.157141 123 119 95
-0.338095 -0.060708 -0.146351 111 98 78
-0.336704 -0.0584886 -0.143783 90 81 62
-0.335773 -0.0563364 -0.142076 79 71 55
-0.334408 -0.054162 -0.139556 85 72 57
-0.333931 -0.0520799 -0.1387 107 89 68
-0.333456 -0.0500052 -0.137847 132 116 86
-0.332549 -0.0479118 -0.136184 150 135 99
-0.331648 -0.0458336 -0.134534 141 133 104
-0.330329 -0.0437523 -0.132098 119 121 98
-0.329446 -0.0417081 -0.130478 126 121 93
-0.328987 -0.0396893 -0.129656 153 144 112
-0.32895 -0.0376847 -0.129624 175 161 122
-0.328912 -0.0356797 -0.129591 177 164 130
-0.328874 -0.0336745 -0.129558 186 180 147
-0.330102 -0.0316568 -0.131901 196 191 159
-0.331774 -0.0296083 -0.135076 199 193 163
-0.3326 -0.0275525 -0.136665 173 163 142
-0.333869 -0.0254651 -0.139087 95 69 73
-0.33427 -0.0233933 -0.139878 47 35 30
-0.335115 -0.0212896 -0.141503 46 49 30
-0.33552 -0.0191976 -0.142303 44 39 33
-0.336375 -0.0170653 -0.143947 82 73 61
-0.338142 -0.0148436 -0.147306 110 108 92
-0.339937 -0.0125873 -0.150717 118 119 102
-0.34223 -0.0102494 -0.155064 123 124 100
-0.34505 -0.00781375 -0.160402 146 126 100
-0.335164 -0.0584899 -0.145186 114 103 79
-0.334239 -0.0563376 -0.143474 93 84 64
-0.33332 -0.0542012 -0.141775 81 70 55
-0.332844 -0.0521149 -0.140913 83 69 54
-0.33237 -0.0500361 -0.140055 98 88 65
-0.331465 -0.0479385 -0.138381 125 115 85
-0.330567 -0.0458562 -0.136719 129 122 98
-0.329675 -0.043789 -0.13507 98 99 85
-0.328791 -0.0417369 -0.133433 92 78 64
-0.328332 -0.0397105 -0.132603 120 98 81
-0.328294 -0.0376982 -0.13257 162 144 108
-0.328256 -0.0356857 -0.132538 179 166 133
-0.328639 -0.0336726 -0.133302 192 182 148
-0.329872 -0.0316434 -0.135679 198 194 161
-0.331119 -0.0295911 -0.138082 190 187 158
-0.331946 -0.0275273 -0.139688 136 134 120
-0.332778 -0.0254475 -0.141306 78 42 43
-0.333178 -0.0233716 -0.142103 51 39 30
-0.33402 -0.0212637 -0.14374 44 41 32
-0.334424 -0.0191674 -0.144546 63 55 45
-0.335275 -0.0170308 -0.146201 86 92 78
-0.337038 -0.0148044 -0.149584 105 112 95
-0.338828 -0.0125432 -0.15302 119 119 99
-0.341585 -0.0101537 -0.158291 142 123 106
-0.333144 -0.0563814 -0.145713 120 109 83
-0.332227 -0.0542406 -0.144002 99 89 68
-0.331752 -0.0521501 -0.143135 84 74 59
-0.331279 -0.0500672 -0.142271 80 72 56
-0.330377 -0.0479653 -0.140585 92 81 63
-0.329909 -0.0459013 -0.139731 93 84 73
-0.329016 -0.0438261 -0.138065 74 71 68
-0.32813 -0.041766 -0.136411 72 65 56
-0.328092 -0.0397427 -0.136378 100 86 72
-0.328054 -0.0377191 -0.136345 154 136 104
-0.328016 -0.0356951 -0.136312 179 168 135
-0.3284 -0.0336706 -0.137088 193 181 148
-0.330068 -0.0316256 -0.14032 196 189 157
-0.330892 -0.0295656 -0.141938 175 164 142
-0.331722 -0.0274898 -0.143568 101 87 92
-0.332558 -0.0253979 -0.14521 62 47 39
-0.33296 -0.0233099 -0.146019 62 52 39
-0.333362 -0.0212136 -0.146831 52 42 36
-0.333766 -0.019109 -0.147646 77 73 59
-0.334619 -0.0169638 -0.14932 100 106 87
-0.336383 -0.0147281 -0.15274 108 120 95
-0.338174 -0.0124573 -0.156214 135 118 102
-0.330656 -0.0521854 -0.145365 109 96 75
-0.330184 -0.0500983 -0.144495 91 81 63
-0.329284 -0.0479921 -0.142799 81 71 57
-0.329245 -0.0459467 -0.142765 72 63 56
-0.328352 -0.0438634 -0.141082 61 55 49
-0.327465 -0.0417953 -0.13941 57 53 48
-0.327427 -0.0397643 -0.139377 82 78 68
-0.327811 -0.0377401 -0.140162 140 128 100
-0.327773 -0.0357047 -0.140129 174 165 129
-0.328585 -0.0336682 -0.14174 185 174 139
-0.329834 -0.0316118 -0.144196 168 163 139
-0.330662 -0.0295399 -0.145838 129 113 109
-0.331495 -0.0274519 -0.147492 77 58 58
-0.331895 -0.025364 -0.148307 57 56 43
-0.332296 -0.0232677 -0.149125 70 65 53
-0.332699 -0.0211632 -0.149946 68 61 55
-0.333103 -0.0190502 -0.150771 83 80 68
-0.333956 -0.0168963 -0.152463 103 100 83
-0.335722 -0.0146512 -0.155921 134 122 90
-0.328654 -0.0500989 -0.145889 120 107 81
-0.328187 -0.0480191 -0.14502 100 90 71
-0.327721 -0.0459469 -0.144155 82 74 61
-0.326833 -0.0438634 -0.142466 67 62 51
-0.326794 -0.0418248 -0.142433 60 56 48
-0.326756 -0.039786 -0.1424 74 68 54
-0.326717 -0.0377468 -0.142367 108 90 71
-0.327526 -0.0357143 -0.14399 132 104 86
-0.328772 -0.0336657 -0.146463 137 106 89
-0.329597 -0.0315978 -0.148116 119 96 84
-0.329992 -0.0295221 -0.148931 85 70 65
-0.330827 -0.027426 -0.150604 69 57 47
-0.331667 -0.0253134 -0.152289 69 70 53
-0.331628 -0.0232252 -0.152255 87 81 65
-0.332031 -0.0211123 -0.153086 95 90 74
-0.332435 -0.018991 -0.153919 110 100 82
-0.333289 -0.0168283 -0.15563 127 116 92
-0.32662 -0.0459698 -0.146379 109 99 80
-0.325735 -0.0438822 -0.144679 94 86 70
-0.325696 -0.0418396 -0.144646 81 75 60
-0.325657 -0.0397967 -0.144613 74 68 52
-0.325618 -0.0377536 -0.14458 79 63 50
-0.32685 -0.0357205 -0.147053 87 61 50
-0.327667 -0.0336644 -0.148705 87 58 48
-0.328489 -0.0315924 -0.150371 81 57 45
-0.329317 -0.0295042 -0.152049 70 62 48
-0.330152 -0.0273998 -0.153739 73 69 56
-0.330994 -0.0252788 -0.155443 87 82 66
-0.330954 -0.0231824 -0.15541 109 101 76
-0.324593 -0.0418544 -0.146868 112 102 79
-0.324554 -0.0398075 -0.146835 98 90 72
-0.324515 -0.0377603 -0.146802 92 82 64
-0.325743 -0.0357233 -0.149292 82 73 54
-0.326557 -0.0336631 -0.150956 73 64 52
-0.327808 -0.0315826 -0.153494 72 65 55
-0.328637 -0.0294862 -0.15519 82 75 62
-0.329473 -0.0273734 -0.1569 98 89 72
-0.329873 -0.0252605 -0.157742 114 104 83
-0.324209 -0.0357226 -0.15069 110 101 79
-0.325442 -0.0336618 -0.153216 95 93 81
-0.32669 -0.0315771 -0.155771 94 93 82
-0.327516 -0.0294764 -0.15748 111 103 84
